1.0,0.5574756680550852,0.2494404020012364,0.2792851678050793,0.42610665767383615,0.2819365890027521,0.3704414602184998,0.34082246725687504,0.27326812748918217,0.2778992522884809,0.2443174508552436,0.2830228132992052,0.529714474817266,0.37001297333369376,0.3017152452055456,0.2185890594377482,0.36463543118864084,0.28034045642362493,0.2687960360542603,0.2897262056994414,0.3756967086415057,0.3031914094828352,0.2124301793928146,0.3568899410030488,0.47398415486619627,0.330953314866534,0.25570422820991334,0.20598853216118396,0.185013890708433,0.1779294566802062,0.4816394869448266,0.2750954891686075,0.420289400370088,0.37674200167289573,0.4246368086255219,0.14415132137869002,0.1743107445806903,0.17687365242329867,0.3593068312925167,0.2602015973750301,0.3432488574593292,0.24950531839802814,0.24958532591478055,0.2318421245213904,0.5656034086352791,0.2937718249046932,0.25699230116313054,0.3982002525350321,0.3023292352915701,0.18176225391086032,0.3137858187595257,0.3449458667236096,0.3351182817144568,0.3842414871261117,0.3900979752786434,0.3016944394686909,0.40987526726885415,0.31881702479952645,0.2979059003303307,0.2963641585128465,0.24001106566023234,0.3573642548863091,0.3155385601197994,0.22747404152009199,0.3148083537579852,0.3825793977073776,0.25902496343341297,0.1564868378785157,0.30056371957989125,0.3359281689227831,0.23492279226430168,0.2580137074868638,0.28773368529944965,0.2881441497176175,0.3224619257907684,0.23958786741650884,0.2681539033141419,0.19363220155011207,0.18989081620266746,0.23774159500909575,0.2283994141192276,0.18416623598319493,0.2937926366351675,0.18357357711523492,0.20698976516044765,0.379058011122023,0.21444857165390085,0.27303908115066156,0.21006447607816325,0.3878403182859551,0.28654651516346585,0.2963527023829515,0.27240691717221255,0.37612110742368965,0.12707375726116954,0.4577062089024557,0.3438281951989789,0.4481706093427714,0.33577729271249546,0.3512214689751796
0.5574756680550852,1.0,0.20278169234858456,0.2292627377054871,0.3560191794982841,0.3385880033839912,0.29115077095288733,0.3801132522698263,0.33326995912949187,0.31964581631975053,0.2906100450358522,0.22167543859420102,0.5305659750980151,0.34324581884284155,0.3363393465828777,0.24778697305284803,0.3160995130309401,0.270046714900984,0.2522644950063222,0.3356750499944823,0.3625771673945615,0.29836961098672266,0.3676660666141285,0.2780538809584584,0.3001548310934541,0.34530805037606893,0.26807241268953574,0.31627464118814186,0.16307549257277754,0.19709769379725017,0.37179649021783157,0.2814311102772704,0.5681647961853727,0.27270416611260884,0.30756294848495824,0.2633693989856738,0.24091366379306445,0.2568287342303692,0.38148595601464774,0.26621254290519414,0.3059908600861785,0.27989275913369227,0.35336028374368456,0.3095924402065029,0.2949120371536734,0.3474444081852368,0.21842284233579767,0.37016126293345986,0.31128593323402587,0.15490967174647718,0.3334645784173471,0.2737730661849209,0.4483100207189261,0.3713418247549565,0.3049136377419692,0.24444348144144623,0.3462216279504424,0.3224518120147739,0.28434048650755217,0.27075487391272635,0.22242014054427894,0.2697054129355221,0.2746725971476338,0.2562016553108266,0.3409254814624414,0.31170252983394464,0.2275750157641403,0.10096684269234468,0.2565042487915261,0.2942786877464141,0.27214890075426945,0.2715505523252817,0.2591107896961923,0.24091279465180349,0.312844835297017,0.18896164593154974,0.22457379020916046,0.18464009954388427,0.19600651166626637,0.25049478801574376,0.1899805153207368,0.15136174673722236,0.22020611625784958,0.20153501890549952,0.2063860252141071,0.3115056521806072,0.2527323384941298,0.2977408027045081,0.2175552004391842,0.3923489538916929,0.29814916509547706,0.3251386467907609,0.36303233692385795,0.43578918630317764,0.22788333886761458,0.36038151865405077,0.3743771740070059,0.4982071595087785,0.2644239827912487,0.29454650205758437
0.2494404020012364,0.20278169234858456,1.0,0.3042224618757218,0.20733653388358397,0.2623523738983877,0.29942765477256983,0.39050625699353336,0.2927450817005305,0.2863765351675167,0.2669673595545683,0.2599037427759583,0.21035164469637246,0.36961884649027077,0.32877929576504894,0.20032837250124946,0.2779281271966938,0.23480579023775228,0.31852810039992097,0.2970405241442262,0.29607392334727534,0.5787584500205438,0.34007934974719845,0.22887463186366386,0.35836817812215005,0.3735011497746362,0.22772961630039712,0.2896647616944603,0.8787706151708792,0.6250794294869727,0.3189504567036605,0.29735596860632096,0.2615049313033413,0.41663919928491855,0.5101281104751806,0.28184668825877,0.32800740166787257,0.4829065759349691,0.389697470303789,0.6844493805086338,0.2865247351782464,0.23869624932501032,0.27200553447248244,0.27343667155888185,0.32398658067618036,0.34037488699406526,0.29701152301157274,0.2237259614400433,0.24699684464421268,0.15660851072478366,0.34313258961478554,0.2432191737892836,0.201074013550548,0.22421351588107907,0.22359987938689763,0.30779303647390743,0.21615647247755054,0.286244188092982,0.23452654025958386,0.22411477764290733,0.19252636834276926,0.28951669835443383,0.24425812284879334,0.22121766626993333,0.27462203294392795,0.28730955657334867,0.21786194342776566,0.1421226242806729,0.1897214283152192,0.262936394113655,0.19469733647069964,0.18894899385411223,0.19480169198363761,0.15366028141567778,0.23849140213506237,0.13704057253195445,0.1414817076424678,0.16476744930128706,0.06281747459545584,0.14101265337570346,0.1776511372109577,0.10954182066592144,0.14341037066614748,0.12094771460475873,0.07999952840193447,0.2492133689239565,0.3049423044090471,0.319607142010347,0.6207790532406353,0.3010161506253296,0.32449567249301603,0.28574502108586497,0.3122250302302628,0.325190322647799,0.3402868958508153,0.36180030775974525,0.3394706379214296,0.28728748700030005,0.21522027147056277,0.3969860972887975
0.2792851678050793,0.2292627377054871,0.3042224618757218,0.9999999999999998,0.3237998193430087,0.29237384909224806,0.29661161404040026,0.43004612874228676,0.38423078422881374,0.32719557094541907,0.41218866482997085,0.39162991402524083,0.30760930490115057,0.3060263528756222,0.4042045994280685,0.32826436230405553,0.32736191546909876,0.2971797146338955,0.3980195910374944,0.25503007677004463,0.39874692750307394,0.48295079534524854,0.4386873437365608,0.38589086602482403,0.31138894694773955,0.292917057311892,0.19298449163213216,0.3058767733678436,0.3635741999674036,0.4333517880182056,0.33946066136596875,0.40300817764911834,0.22882534277296684,0.5414036284399922,0.5615435078599377,0.3288594244016543,0.2840939066654298,0.3783386874371497,0.3506317679495886,0.38967670442706315,0.4202861030840668,0.4083584186547746,0.3593123622111767,0.07948610760387698,0.3207696365212376,0.45974649815023017,0.60930925682244,0.2859451450628885,0.3676910113550672,0.2213628948761922,0.24652731083385904,0.2632531532679233,0.23999784980045213,0.2679818562276741,0.2870439462013954,0.26835477898010995,0.30244803878576654,0.28356113761931856,0.31751690751605266,0.31290353090664336,0.2560973221769267,0.21303456560051826,0.320245758349617,0.22851474812523653,0.28830262028420517,0.3067551908326358,0.3178204565443117,0.19114336128946507,0.21044380074740454,0.27665778787841,0.1986528251658225,0.21950716463913633,0.3327927768107095,0.16912684780724374,0.2733846566594159,0.17571230414074257,0.08422827944069133,0.14459870984243928,0.16093562644854442,0.20456201736745117,0.24830373616141732,0.12052663995073909,0.15136377620683739,0.14640302615487255,0.16470804566304498,0.30292203941499163,0.3669250830498587,0.28990561552564953,0.33487462019447656,0.4029699120685839,0.5546839228339299,0.5572029324881556,0.19022978897904796,0.25511937463259204,0.4839102332466332,0.32167802105436727,0.40462608881107065,0.18779153639411206,0.27836839463407703,0.5202981979863477
0.42610665767383615,0.3560191794982841,0.20733653388358397,0.3237998193430087,1.0,0.6181247792487204,0.6698900115449496,0.4167317304737067,0.3378745716694712,0.2625019461344914,0.32508922935636186,0.306892414123765,0.3714948400539746,0.3675261102125813,0.3557074803132749,0.2849513970802142,0.34813689620485355,0.2960877791605234,0.3763147293511677,0.4112308580316504,0.4714206888620325,0.32490913740733984,0.39046478540213325,0.34879537838744523,0.348022935169616,0.3110133625360445,0.3783917094178215,0.5003924347258972,0.1886438164651626,0.28856769207693556,0.3720812436517287,0.31070523572668196,0.42985179923200467,0.26661162880353273,0.26359732830695504,0.3211894589754749,0.23095935354511155,0.2291235708506879,0.39342349883089,0.30868713972017403,0.35200808265147143,0.1913138689770717,0.3097826332954148,0.18113854706821453,0.307123955914551,0.3800374823831524,0.3026290303946726,0.3464972190782749,0.3506559038108157,0.24023351844381846,0.35818124067353563,0.368901253246365,0.36342686530360657,0.4017979756142842,0.4057826196991998,0.41468355077977415,0.7369810735384918,0.38990889989765853,0.3063000774137019,0.3034667937592892,0.27439934379695274,0.3105894593268407,0.3293194945588833,0.26763398646233894,0.36978609348587654,0.3934375086374866,0.3153083104717366,0.19833415469028437,0.3313854374115336,0.3358916276152848,0.32305416142727605,0.3025105342094452,0.3640583119765779,0.26670570380155423,0.3586591303116451,0.2721033720247985,0.29625840237189927,0.31607674914970496,0.25581344739993983,0.32326862713591575,0.31723198083097914,0.22587998239190532,0.41322702534411526,0.23066486667432595,0.2729960134282987,0.39707059765093455,0.30725641316182095,0.3388732475196625,0.29144713024100877,0.4239678856651934,0.36916954457765183,0.42008878314623965,0.3255694521768202,0.42955380831480916,0.2592300720606773,0.572587052933164,0.2982316276694935,0.31035988414906956,0.18492398412898625,0.25284168062894263
0.2819365890027521,0.3385880033839912,0.2623523738983877,0.29237384909224806,0.6181247792487204,1.0,0.6671125923992302,0.4439842929947644,0.3341208138095624,0.3420306688312241,0.32849128003445616,0.18127107626111716,0.2741754315403915,0.27169070487783187,0.3522763509416197,0.17334216453582285,0.2874987578163568,0.25437202938715164,0.27270251792530464,0.3718646173563721,0.36267350905449103,0.3000464219459196,0.44511646102512015,0.25852798652080744,0.24411099564399175,0.23260425420599917,0.3910051245098769,0.5615999996854645,0.23782872290826307,0.3377032762786032,0.2940297758209105,0.30490966603046377,0.38218586160874435,0.28130790428169805,0.2810404763952017,0.2806202132012898,0.4849906235309698,0.2725689014457773,0.3441080877215432,0.35559244111856336,0.2529752738332631,0.08580149687095306,0.28632370327227885,0.16163557105874815,0.2209691011931374,0.3593261882035217,0.3416645600262511,0.3172569274747259,0.44950982816302165,0.37597560954086384,0.36431531725342015,0.4564149860998239,0.42605477469817865,0.3997005776021034,0.3857389191544178,0.3863745691562315,0.5020772717079854,0.4201714082901682,0.3599531281857755,0.3339711256285499,0.3658612520842077,0.25607003156904184,0.3719508264000013,0.38502166473328703,0.4064767064390513,0.45999633349305236,0.4399586703827656,0.34778070614217127,0.3946563591757931,0.42157392077288425,0.3724790873387507,0.3643538497587041,0.42720199990433105,0.37484461916964396,0.43369552915273357,0.3058596882283027,0.3839937236633073,0.3739841686263471,0.3433248840996844,0.4088096506860288,0.3833639437480576,0.29867912820796705,0.44343438705018245,0.34465683659716784,0.3136423440763766,0.3501926028678277,0.2901983234336728,0.26884101122100734,0.3554204085878446,0.32849750444961423,0.3097767120516739,0.3600230624576597,0.2303136385848743,0.27535425158362603,0.2760277497063788,0.4435857458104261,0.29639865757668593,0.255044640375236,0.15696843858355558,0.2617457866810139
0.3704414602184998,0.29115077095288733,0.29942765477256983,0.29661161404040026,0.6698900115449496,0.6671125923992302,0.9999999999999998,0.4082899658152941,0.3734570612939464,0.38814382309628503,0.30843285782395813,0.23262186243769045,0.28737711794017207,0.3453776570655629,0.3131531843477069,0.27313120907299904,0.36332615898811627,0.28665331829059504,0.31511013704204216,0.3873369166269498,0.38866675998715783,0.3875388795516326,0.34686805271319443,0.3499938845175916,0.3562146062118976,0.3403016704153847,0.5059889571837141,0.4335648498547402,0.26499202758647866,0.3328054234568838,0.30089469706929484,0.2940230303482805,0.3789740995141758,0.33487559466180306,0.3307331531172153,0.2844848624131546,0.3439179233996552,0.31924999425937006,0.3381553011199545,0.3810500043766252,0.2877473475124812,0.18394814628827705,0.27887730065887695,0.19682417031704236,0.33739635083096586,0.3130859521382141,0.3417494322035246,0.43348995925293243,0.4275079937970061,0.35458957148427417,0.3935120378379897,0.4825154443880175,0.4300532357494107,0.45229340848147437,0.5151171708333883,0.4911634965357483,0.4998490575638628,0.5372913699324584,0.46155901628148976,0.44526263766277574,0.5730794962039675,0.37482065734429637,0.4097824899391458,0.4073553672669956,0.40402019664558786,0.6622244872867279,0.5260007048742183,0.4253889319708415,0.5496740318185481,0.5072220739202068,0.34458096730726995,0.4147667335741241,0.42112392107800345,0.3995191197736583,0.5110324866685522,0.40777548323565493,0.41105126602077124,0.4705892198137607,0.41993557333773524,0.431380168347408,0.4327916992564331,0.4056699059390605,0.486730017043596,0.3990025167801914,0.3945083000449676,0.4639948832721579,0.2684882656567259,0.22578937615236294,0.40757388453574595,0.3393298135356917,0.3158133111496002,0.3518645614632584,0.35905859058598155,0.30397532484204925,0.30942834027794364,0.43958599370952667,0.35924153000047876,0.3152186734114619,0.24935733289134454,0.3193723436443979
0.34082246725687504,0.3801132522698263,0.39050625699353336,0.43004612874228676,0.4167317304737067,0.4439842929947644,0.4082899658152941,1.0,0.3997305086758359,0.3202926534002717,0.33476057256860225,0.34924297740782984,0.3828513485449925,0.40732990769927846,0.4321438479610704,0.2748242233506958,0.3988059182410453,0.5021136453019746,0.3726315839767316,0.28872204557035963,0.3202835197386138,0.38841490468090856,0.37355690743198,0.2759154735446362,0.3230726950094741,0.33720771762005985,0.24918060277411969,0.32838813306269565,0.3743743591436184,0.4268710920009131,0.3470619468571914,0.4332939957785643,0.4635165378124402,0.44298294606646893,0.4420515495755418,0.45016022271328615,0.37911943396695713,0.45185610119789055,0.45430911312430133,0.47030054414481093,0.37439489908604306,0.31224244375450616,0.4192348613506558,0.17021210348756266,0.3435998647184588,0.5209075983124328,0.36697769743171604,0.3903977527957363,0.43876716144435257,0.2947467127365988,0.41862056165085915,0.4045805297200342,0.3334321520708672,0.3821008748181691,0.3933532453767721,0.3723942099263181,0.4316524047550645,0.40871908030771564,0.4093618378667736,0.35742402698033304,0.31755307818748113,0.31880910750404345,0.41106980665077675,0.4149685007613193,0.4322603335131585,0.45578775537736305,0.38555345508618444,0.253074001007785,0.3092375939158096,0.427110629434881,0.35772106523035885,0.3256601992054162,0.32208059891034924,0.2937003239789343,0.4702694955468263,0.331431557774748,0.3379445629162303,0.3047548424858826,0.26843957059859,0.3716465494414478,0.3452500147948169,0.2731612091239224,0.32169741724206347,0.28075515160696063,0.3080703402057463,0.3516514183953916,0.4292274273783223,0.40496986127035384,0.4202438865042437,0.47205331260865246,0.43900901885829435,0.4287305097674887,0.24420064556167698,0.42648753449823107,0.35906939940227434,0.3749941713824816,0.48016177754722555,0.4326939428173242,0.34896626572629874,0.361984416232936
0.27326812748918217,0.33326995912949187,0.2927450817005305,0.38423078422881374,0.3378745716694712,0.3341208138095624,0.3734570612939464,0.3997305086758359,0.9999999999999998,0.6451380472215542,0.584697263068558,0.43276296921819735,0.3001510059373078,0.4759584359625566,0.6044127046452962,0.3254251947853086,0.5105812457354932,0.33899213720097965,0.4650543351446257,0.25934201809071555,0.4095640993053761,0.38899581499536184,0.4718134200278614,0.3761528346690065,0.3832465821306833,0.33165245498559526,0.21002497634706785,0.35966638394729533,0.32256759068218965,0.4045756531772522,0.4793703341332666,0.3319398967557664,0.37530762737546997,0.36439113885926466,0.3140062636939307,0.36714362585118687,0.2779268013674302,0.3208892736453388,0.4731294964462833,0.34819463417650875,0.4901770921598977,0.2969283367704407,0.5373259710178131,0.4180165310215104,0.34353001107180514,0.5270890153006431,0.3764405889017952,0.28424917317899756,0.3386541248962339,0.19112065260388023,0.2932662783199105,0.3527138968115058,0.2889102480957302,0.33493081461117513,0.29334095660773163,0.33117443619082954,0.3236561130154312,0.2529207039511189,0.3335990471423662,0.28542833313132565,0.2925212521078071,0.23783187085731916,0.2787179694552385,0.28201440069389805,0.31014932835163034,0.3700175185517366,0.2838594476116303,0.14674068543656915,0.3004416401642509,0.3495277947429496,0.29307397909585853,0.26833203131284944,0.257944930487112,0.20345588883334997,0.388752917144469,0.2698634194727836,0.2724226690947029,0.3006031051624456,0.2880858431283586,0.35522297145139636,0.3089923928213477,0.22518258646774514,0.27739748507260054,0.25436992358499944,0.2824063642634502,0.24929121861866788,0.4471975556651495,0.41879524663053025,0.3914405041024007,0.682314371684938,0.416169201280264,0.46973426118406736,0.22085996423943843,0.3220970936822318,0.3798962338009968,0.31356667100321556,0.33981517155381114,0.2393927359445125,0.22309509524744775,0.31827176282772995
0.2778992522884809,0.31964581631975053,0.2863765351675167,0.32719557094541907,0.2625019461344914,0.3420306688312241,0.38814382309628503,0.3202926534002717,0.6451380472215542,1.0,0.7157672326854837,0.35950269802091006,0.2037215013162884,0.3795642467756226,0.45263011378362705,0.2773500500267939,0.6244773087462856,0.23812654612322004,0.3876627203804869,0.24160485598601011,0.28742729289200386,0.40932965384215414,0.43060491650927213,0.23465599599080245,0.35816382312688355,0.3694391923876985,0.11629249186284207,0.3253140538369482,0.30523029877014873,0.3138498709679969,0.26944502012749416,0.2750534536223188,0.29872473627299245,0.3725792246042521,0.36411225584698603,0.21462113760765966,0.22577270440530217,0.3191878230472365,0.42882349514707085,0.27658641123099414,0.3949481477752238,0.3365503994376239,0.3539068114252293,0.24201956085297072,0.38110127174895714,0.3690584729293199,0.35878569718549,0.3094143719941891,0.3942969091727644,0.33289154473504956,0.31735346048072854,0.4475178941994775,0.3033278393063358,0.3281005215665408,0.3520151376659033,0.36077824208696097,0.31081887799647034,0.31603649566548464,0.36893228116890664,0.3377167163589371,0.4241205265988496,0.2820750733763935,0.318728014440386,0.3477412623054851,0.36735514935564206,0.4550361583411706,0.39918448482011204,0.3039430290747889,0.45692649275720054,0.38711418787565366,0.3444657463007271,0.3343742762394185,0.3104609887915062,0.26232808655655093,0.41995098179847956,0.39879273469335197,0.38100661196715147,0.3724038098714887,0.37620517245979324,0.38710846125644993,0.3883246456177817,0.36542628471391736,0.3787854759778373,0.3519728727809748,0.39375147306836933,0.2830082296477998,0.3318214922173238,0.33507088754844816,0.36544153308363525,0.5212158710672306,0.3647290636246947,0.4570843731763985,0.2863590911483067,0.26741596025187375,0.4168351807728088,0.29263217752794235,0.2855540303733818,0.17345109393832026,0.20680957147946832,0.39456595659135985
0.2443174508552436,0.2906100450358522,0.2669673595545683,0.41218866482997085,0.32508922935636186,0.32849128003445616,0.30843285782395813,0.33476057256860225,0.584697263068558,0.7157672326854837,0.9999999999999998,0.37567954585607,0.2384357240763354,0.3759853949370202,0.5136442544353904,0.2882940400980246,0.4328744153996982,0.27481964707930084,0.3847274129793008,0.2588959699435417,0.3083213621743246,0.44315917370352775,0.42511933654444467,0.29001710943523196,0.3447758003616561,0.3481513035810473,0.15655860829780266,0.34527576046776887,0.30457049183457763,0.3549575317163617,0.3183455787973368,0.320124615243234,0.24447096982751648,0.35601992194454635,0.2924589767748935,0.26948127107715947,0.18530259836410579,0.2854402604986591,0.4843127087256218,0.2711063866108483,0.7012942705365725,0.31741473847175494,0.46373717723812224,0.17064152696713375,0.2914881386040954,0.45896355523798826,0.3511023663964167,0.252382599808348,0.3264732070095586,0.26241889983554667,0.265284186075296,0.41420316633760745,0.2350681724984066,0.3242207370089387,0.28652753350961546,0.3231102074289719,0.33507785533984347,0.2725717125335567,0.31215570603425424,0.2329167436137325,0.2532895899666956,0.20711306877735203,0.2789191463265235,0.265324342697123,0.2968167958376061,0.34348853419876446,0.32254200617179807,0.2213769286092916,0.42579177148059877,0.34594299189297195,0.2849890430037463,0.25764761070630704,0.28588256980235993,0.21250596638091301,0.38032232103308616,0.36526751802420776,0.36030315200015683,0.35064197712344547,0.3461468846714657,0.38395105661710405,0.3179219101650216,0.33186363514810413,0.3745864825482894,0.3108947789473707,0.34285630391002,0.23731848167353953,0.3864884246320447,0.34703127745388707,0.346160693507929,0.5584472004224246,0.34134798733308314,0.6249733782730063,0.29696089973605644,0.26062457862378086,0.435512851447004,0.3142063280627456,0.27398318394110355,0.18419974727504096,0.1985294860285035,0.4225674261058596
0.2830228132992052,0.22167543859420102,0.2599037427759583,0.39162991402524083,0.306892414123765,0.18127107626111716,0.23262186243769045,0.34924297740782984,0.43276296921819735,0.35950269802091006,0.37567954585607,1.0,0.21937232173047738,0.3810442971271013,0.479126951500248,0.22374116024232849,0.41567765465576645,0.2581421155753384,0.4216019074808486,0.2647709158188658,0.35039122315929006,0.411863223903124,0.43395337730292827,0.3675374925171717,0.33561586790837605,0.4252356347084826,0.20289745211056198,0.35695437214637826,0.28564554740121495,0.3580290805968027,0.3507317608544027,0.3190428478359981,0.21616548046955097,0.36992638877589856,0.315711505349895,0.37854527923615955,0.20559898893638262,0.3268564488068697,0.3911074890224715,0.29365339043564287,0.41464847082024037,0.3925069428415022,0.40982208471507864,0.20258739580876317,0.2628442888026662,0.42080905161875437,0.3474929128765458,0.2985910421997844,0.2458818419032176,0.16027254287854942,0.2711921508602504,0.2708609376179927,0.2096872895170886,0.3153901581846461,0.2695853816007452,0.27560481163885264,0.2709423450873709,0.2608469471901518,0.2653633155123283,0.28834487318649316,0.25190005457632436,0.35469601803909057,0.1972887343841253,0.1929495763087442,0.2827769249623051,0.2594031811587556,0.21409657156662354,0.1265446810489359,0.2828780181889443,0.21833293506772145,0.23974979564082366,0.14637566671725644,0.22551009418072443,0.1698168697343827,0.26194676840503583,0.1826107449760238,0.11398377218658973,0.1869928642953662,0.17466254462054598,0.19723799768366412,0.2566114912008791,0.12795464261444156,0.14135614062352797,0.1312929548252667,0.16964428037738022,0.17927739466782466,0.3902551787859001,0.3467316064237378,0.3059773134194381,0.48301860684402065,0.3754254513770572,0.42790844088547764,0.30368318824016083,0.3487057526835382,0.4390560900584456,0.29502954720893126,0.27963985314197026,0.24847493197048476,0.18381301101652459,0.34048719387734916
0.529714474817266,0.5305659750980151,0.21035164469637246,0.30760930490115057,0.3714948400539746,0.2741754315403915,0.28737711794017207,0.3828513485449925,0.3001510059373078,0.2037215013162884,0.2384357240763354,0.21937232173047738,1.0,0.3516258460284891,0.24531597998373855,0.17894151816826276,0.22313760692407025,0.32356849624321604,0.22870417728681347,0.2561021540537777,0.4239846623690061,0.30400724826466263,0.2951218046514179,0.23388995906465104,0.3927606047503722,0.25769250674181376,0.2734169565282113,0.28743492962591677,0.15603920220406875,0.22978230906560226,0.41057529536527215,0.22279614088271027,0.7256347764815618,0.24293259101498288,0.3781269186342572,0.2538223173857972,0.26496336120685116,0.23305447229677356,0.3585532489507165,0.3245048585940402,0.30019594784844517,0.23119032124084238,0.3325466171131237,0.1652765700695319,0.4157975366929463,0.3627542530745068,0.240663784814235,0.26915515475515583,0.24934458956153405,0.17053680728214216,0.26053774648216455,0.3104420074704035,0.27149354413848137,0.36346681072094567,0.3199253676135234,0.2563759401947818,0.3994852228832717,0.24373802462575755,0.2657042036920556,0.22255537632851952,0.15703516913923243,0.14608518690490002,0.286600450909291,0.27290545219242623,0.3158939706246936,0.33398371210455635,0.24797478929022088,0.18034890099773537,0.26474102288007373,0.3391411258316601,0.24109283652997582,0.2915471835058958,0.22558871875649644,0.2079638225939735,0.3052951594108939,0.31627337951748347,0.2689878738935174,0.22062694301484675,0.20593446474854482,0.19572748962344577,0.2328089959011055,0.1933753356920861,0.2901691354555206,0.23049710124553124,0.19032642082876516,0.25557196636985446,0.29976300137190415,0.3018420796662574,0.24607129215843115,0.34329434989546015,0.3344976855518146,0.2875794778189231,0.2664180044474903,0.3459029692702381,0.22432305639406724,0.32814094144436856,0.34566375980251096,0.38466896114668514,0.3117667759678042,0.29256604286812227
0.37001297333369376,0.34324581884284155,0.36961884649027077,0.3060263528756222,0.3675261102125813,0.27169070487783187,0.3453776570655629,0.40732990769927846,0.4759584359625566,0.3795642467756226,0.3759853949370202,0.3810442971271013,0.3516258460284891,1.0,0.3516880752812125,0.3159754298817319,0.3542676315253842,0.34011563636644926,0.29453433730941425,0.18163594127943483,0.25289097290086227,0.38146956844783575,0.3836580841560733,0.33395534696189877,0.35592930985632165,0.5497754698443384,0.1608980832445669,0.22404378031063965,0.3765045843004684,0.4458772148030993,0.4421185299392629,0.41428861050320176,0.3433593518052467,0.2849216887607745,0.3724358474863001,0.3285241213815031,0.3613956137986537,0.32324664729209607,0.5067935904941697,0.45869790751147765,0.4398826745607508,0.15659100009564586,0.3279832545227144,0.3250068585847279,0.38882471684753295,0.397446026724116,0.2984491247233402,0.3396018800070284,0.31137857823809023,0.14351195955603635,0.3887799125627759,0.3042677696937903,0.3431664409495089,0.2786713552530887,0.37579758709732136,0.3796168376760678,0.3612441112895466,0.33072154650056684,0.3721062676021707,0.34105863465493913,0.28959137204691443,0.22176563126652382,0.26305894815714326,0.297031308912694,0.3366140609073698,0.3692334980419738,0.26140735060226516,0.11271654626534933,0.23913335615875508,0.31218355126748676,0.2834472659924179,0.2583098667093444,0.1840611867581987,0.2668242066040438,0.3806737224614467,0.2428794421976137,0.2714031455728989,0.259742756058042,0.22844123598566135,0.28610285021683024,0.25424079615963335,0.20961710836267022,0.33312644391448143,0.2398112915049464,0.2623968448309244,0.2938622469886564,0.3539046574528115,0.3695406174835354,0.4123532576174942,0.46555712388906734,0.3439798610322147,0.3869178499689828,0.3524090705889371,0.41443172684420526,0.25111120180051183,0.6218649865040904,0.4231763485304245,0.40783394254115946,0.28282291376757684,0.2778576381083384
0.3017152452055456,0.3363393465828777,0.32877929576504894,0.4042045994280685,0.3557074803132749,0.3522763509416197,0.3131531843477069,0.4321438479610704,0.6044127046452962,0.45263011378362705,0.5136442544353904,0.479126951500248,0.24531597998373855,0.3516880752812125,1.0,0.34466044640213966,0.47629976233811044,0.4062624871481648,0.47900020733705184,0.3077230886028146,0.3403474765900727,0.4188995511744551,0.5172202311350697,0.4150185434342364,0.2665670159298925,0.33506092845481406,0.2648982416459027,0.4083038971696804,0.35516945765372354,0.44354267939789294,0.39722987826798595,0.3623910834998425,0.3914643111231092,0.4427714000609344,0.31921633987419407,0.45485924971930825,0.29408028120968854,0.3507825128390851,0.5063266841859279,0.40207412289517674,0.47799409906982593,0.3894647769465801,0.5962323333803246,0.2563902284079769,0.2933853698893327,0.6565758319226584,0.47362798326506694,0.35209808222641725,0.2502143895976259,0.13379384278770146,0.3203264319933352,0.3482159292224135,0.3134088768490131,0.3421220072447799,0.2997156066640214,0.2868718720676606,0.33870409414276614,0.33826065618240975,0.305942032133355,0.287914395117419,0.2640931110161481,0.30183014413174925,0.3231882178511656,0.2859345892324162,0.2938752221747496,0.3243966141135549,0.2583405034931341,0.13131210390392278,0.31643034158855765,0.31732892121604284,0.3020988856039015,0.2611563541791807,0.3344534148799031,0.24130580377762567,0.3151630971904008,0.18558905785917756,0.24060583663880442,0.2328932213552385,0.2361967337652675,0.30185470302884376,0.2446816487378748,0.20885233532200476,0.22254437768683066,0.1845092037134538,0.2335888628423537,0.27395936982804203,0.56560099052507,0.3476310034094774,0.4245552132836463,0.6338473371406853,0.38195085609686763,0.47820680554459427,0.2726451376884417,0.3689005256179736,0.4500701356555119,0.3025240067774633,0.34358921320384295,0.25344604364454804,0.16959772764290393,0.393034899011671
0.2185890594377482,0.24778697305284803,0.20032837250124946,0.32826436230405553,0.2849513970802142,0.17334216453582285,0.27313120907299904,0.2748242233506958,0.3254251947853086,0.2773500500267939,0.2882940400980246,0.22374116024232849,0.17894151816826276,0.3159754298817319,0.34466044640213966,1.0,0.5414832449286808,0.4761219134176444,0.4713522234761718,0.2986977727576292,0.2568470979336437,0.3691217430770387,0.3740121686330087,0.3084958840851244,0.21072026557725232,0.36462119583899066,0.16594162393293765,0.21188798878218584,0.2508541358727534,0.2754021356654546,0.19804513827195935,0.2799094901503888,0.23051181671536458,0.2147789133650284,0.2876090122818493,0.3455237712082384,0.14020617539542624,0.2933527070432502,0.30818348524515404,0.22731841910138062,0.22922233490459765,0.2596751715087299,0.42402442505804794,0.1802788619398451,0.22623309498052502,0.34136168923723853,0.3070394186263298,0.1973297875690968,0.13815836759612288,0.0821005129452419,0.27776658573556423,0.14398002480414585,0.25020736563672863,0.18661258596683683,0.16984432824800555,0.18734101296837713,0.17430390018302555,0.15717213772001348,0.16212053147040473,0.2129014044223101,0.20490982695373583,0.20096733753297258,0.09719008170779964,0.1393613650740444,0.16525953181357989,0.17133336614225025,0.16323131907648758,0.09711256413026992,0.1929299700474314,0.14951134564608126,0.16358068939308723,0.18682225321155788,0.17165055847736088,0.1183814934191082,0.15161481467212712,0.08873809505949193,0.0520056510321979,0.09587944833799866,0.11414328936736295,0.13375192483892806,0.14488608075031473,0.08885101471797152,0.1116202734219387,0.07721766323196899,0.10553033877677187,0.16629449755107717,0.28285577815113827,0.26299709693424433,0.2468535377365213,0.3508443167537887,0.3549255131413025,0.345385264556618,0.24342736518278496,0.3452768647996366,0.2951507372756078,0.29436431455549705,0.25924820402472293,0.20955442876937302,0.1494192193210494,0.17398790882809334
0.36463543118864084,0.3160995130309401,0.2779281271966938,0.32736191546909876,0.34813689620485355,0.2874987578163568,0.36332615898811627,0.3988059182410453,0.5105812457354932,0.6244773087462856,0.4328744153996982,0.41567765465576645,0.22313760692407025,0.3542676315253842,0.47629976233811044,0.5414832449286808,1.0,0.5544391077001387,0.6996537933220957,0.35350371589899754,0.31340359224584025,0.39206225794398286,0.3992248384766628,0.36348868146644,0.3844207411505116,0.3927249684647214,0.1836400104850504,0.2797021253449057,0.30133097761918415,0.3507421396690039,0.40025881330463275,0.25823381036096227,0.34571257915391307,0.32722904206085746,0.35018392132437015,0.28075775566846795,0.27801235209386543,0.33189655793574513,0.5023245050779939,0.3325368245181237,0.46411256000462653,0.34120135478662517,0.4394420098223596,0.2943218377357306,0.3389919401092032,0.3953383114050497,0.36604144980638864,0.2538368940758693,0.25630007522885945,0.11773764695444477,0.3350002968697363,0.2587586411874323,0.24396368344823893,0.28734582248082385,0.2832434848865184,0.21848642635109383,0.2729428827095298,0.2272260279039231,0.235441193161668,0.29273279979256694,0.2967524946886183,0.3360626957668058,0.1741215982076828,0.19374312956427764,0.282236646937007,0.2926483456936293,0.21869860370650163,0.09134884623422068,0.25637576968544296,0.18413571916513138,0.2222737596985651,0.19593623526180992,0.21843867673961348,0.20518816351874647,0.24921897742288213,0.16332212386325495,0.12903105240791923,0.13361989316773215,0.10331865625139836,0.1659297367820387,0.20766340726091181,0.09896503343595775,0.13599232641533487,0.10413761043876968,0.165607928352978,0.2373017604544191,0.39990639822662355,0.36728682586990935,0.34275745410896374,0.5380601643558105,0.4536016651113659,0.5243664556004461,0.24985192080688212,0.3347011152686077,0.3569521001183953,0.32546819111011893,0.2588048897113516,0.2592502718854588,0.18877122030375226,0.284540262042847
0.28034045642362493,0.270046714900984,0.23480579023775228,0.2971797146338955,0.2960877791605234,0.25437202938715164,0.28665331829059504,0.5021136453019746,0.33899213720097965,0.23812654612322004,0.27481964707930084,0.2581421155753384,0.32356849624321604,0.34011563636644926,0.4062624871481648,0.4761219134176444,0.5544391077001387,1.0,0.5394275488438671,0.23920195373255138,0.2372117811858916,0.30752841663246566,0.29710408683436484,0.3117638729398431,0.18432683815402862,0.2776014976878671,0.1905356105829965,0.20085756155902723,0.2541514030904479,0.3174016451965669,0.3938717261417619,0.3104828822977419,0.4432415492563646,0.2626492158051874,0.32432070205573293,0.25830809402211585,0.2540862309292946,0.3010778202743777,0.36863299760537305,0.31597555808052524,0.3592685664786387,0.30476203604643737,0.3973151877529758,0.1949155158733754,0.23711131614635128,0.3616606106854896,0.24065469598388767,0.20174919644532707,0.17132908751006037,0.048014856130075945,0.30708067135704176,0.21067662267870801,0.2131411011558011,0.19957464369212063,0.17604124643163255,0.13745279189114556,0.2292258006862653,0.1818146015009644,0.16046799075867801,0.1781856933801047,0.1436710131439729,0.22074479326152696,0.1591524593782383,0.17411352856501683,0.25070086447922846,0.2330910296926022,0.16621457817747798,0.058761085988835005,0.11385756120852553,0.1723981138481342,0.16813550410854516,0.15101555904776842,0.17249411673876736,0.14816477211430912,0.1465798176326969,0.06609922965436832,0.10395011012834199,0.052313968157135515,0.023943857371877098,0.10252243549940943,0.1087536760336093,0.040426169378963595,0.08253296084528361,0.022490949332267585,0.05183229498471309,0.16110110146700007,0.34681936265052093,0.24860830357184538,0.30431927154314486,0.4222590152627359,0.3173024419237469,0.33013487033141764,0.1124490065009538,0.30987034874086483,0.2388917232717127,0.27679549826301963,0.2988907199418035,0.293456133196766,0.20489315762338967,0.22036251996594103
0.2687960360542603,0.2522644950063222,0.31852810039992097,0.3980195910374944,0.3763147293511677,0.27270251792530464,0.31511013704204216,0.3726315839767316,0.4650543351446257,0.3876627203804869,0.3847274129793008,0.4216019074808486,0.22870417728681347,0.29453433730941425,0.47900020733705184,0.4713522234761718,0.6996537933220957,0.5394275488438671,1.0,0.301760021337969,0.32050931873793354,0.40025359661179816,0.38337757028538544,0.3452186349576142,0.29548643835897814,0.3512291512105906,0.15864564287550764,0.30978813210864864,0.36050985990485507,0.3850651849627238,0.387520683765743,0.2432335893935138,0.3316555392921179,0.2710737139616963,0.3226990392621678,0.34785967667172835,0.30616970572064006,0.35735283750849756,0.43660330391396585,0.3346522046174578,0.39746132464116624,0.28756410965259294,0.425625227445122,0.273193364386915,0.28874691270616837,0.3943441738560145,0.3677935625977341,0.22231504452754836,0.15691055045126878,0.039666401062417145,0.2625779614960415,0.18381696481677368,0.19833040908702881,0.23883300213978376,0.1810524365817282,0.22093307608852908,0.26901126921935337,0.19182751676484766,0.1775966429000202,0.22960008480782812,0.18797718875863345,0.24278936871894963,0.15234806841673698,0.13566771933224586,0.21374573733132307,0.20969302113694643,0.11142968836902689,0.003732342797097443,0.1938050662634021,0.16902179787168992,0.17909070962331286,0.16551917320017884,0.20181273621825113,0.13106437327151843,0.19733857962660672,0.10160900517121396,0.09843606071828526,0.10471852244817081,0.08252359527789555,0.15347012574316077,0.13227694444556248,0.09244926346416116,0.10934572806093867,0.09948150481486939,0.10680425805282046,0.15824877345581156,0.45870641269126244,0.3305385063865396,0.33442492818802005,0.5403061561286464,0.4265136021306951,0.4834843473027136,0.24501064455491417,0.32169550117997503,0.45980057332434554,0.28419467255793207,0.2440325929518805,0.23840499150727013,0.18878604284638367,0.30267037813996844
0.2897262056994414,0.3356750499944823,0.2970405241442262,0.25503007677004463,0.4112308580316504,0.3718646173563721,0.3873369166269498,0.28872204557035963,0.25934201809071555,0.24160485598601011,0.2588959699435417,0.2647709158188658,0.2561021540537777,0.18163594127943483,0.3077230886028146,0.2986977727576292,0.35350371589899754,0.23920195373255138,0.301760021337969,0.9999999999999998,0.2856720174267564,0.39930717253137127,0.4072529581456179,0.20391160469181724,0.23137753778129244,0.21591117705072171,0.4278018767375754,0.5623386216837201,0.25741215157689434,0.2801414254705975,0.26821958146417324,0.22478221686060262,0.33414346702692277,0.2804559475494046,0.27895129964429133,0.14856502441783914,0.19032495924359472,0.3642932140027424,0.3327505253800527,0.3133940015149632,0.25883039271320973,0.22523819913846577,0.2746459248351836,0.14018791890742355,0.1579171656450593,0.2736451226263774,0.27148064821582174,0.34668929390563474,0.3521924543982944,0.25367386786639545,0.4628611767862659,0.30781326034203627,0.40578068665248457,0.36271968176765546,0.3688287106896222,0.2840956193329357,0.40772203273951213,0.3643644195659943,0.32600566769600037,0.3084891878279902,0.29649201439217965,0.3282539802448865,0.31961252877413915,0.31503375320425864,0.4069828288479389,0.32967007856452746,0.2727771675076909,0.1880359226328986,0.29662138149455786,0.32296077412012647,0.3040095180943827,0.29500122195733236,0.3650980004299228,0.23330473552202413,0.27157844597962844,0.18078681150834186,0.18862299491628032,0.179680187204321,0.17797944468558913,0.1934166470824813,0.1913309219901267,0.17504765607633854,0.24233415018726068,0.20178122631094286,0.17534672270002183,0.3180964776565247,0.20452302580519843,0.3605275663204647,0.30553442254648555,0.25858754455268596,0.2760741511408993,0.30961843193321403,0.29637739416946696,0.4039386054240336,0.2534304495451365,0.3468022462599718,0.18479701861174958,0.23872367934351169,0.19222922888492744,0.40810059965750334
