1.0,0.39756353276899414,0.4198227431198731,0.111453597291028,0.06498289906143329,0.20578066915045823,0.2515223090776577,0.14007486655823786,0.06792745762572971,0.14330291239682258,0.19629275104551114,0.06944745576981404,0.3516541337086354,0.08789342374828513,0.168033352817189,0.09680146112193333,0.18064208042617014,0.15055280201589216,0.16081485985034372,0.10913937417000097,0.30403822566263505,0.07841294707379975,0.28025534024572973,0.14801276406331343,0.4486933639250631,0.1802946366202467,0.2785367499261646,0.35370604863402,0.4664886614736693,0.1038950834395681,0.45385449663075716,0.10893218009261108,0.15523011713159607,0.34888854087287835,0.017554530529628964,0.13122317538368877,0.2881572241142173,0.16144537208280818,0.4477501038545624,0.35921155174463293,-0.015966678840332538,0.24219802216943698,0.15114446256340208,0.42892459250215453,0.05966170023545381,0.19035449579986674,0.13219378660045256,0.4051477316591656,0.4148007946535258,0.28686356021182147,0.1342843529124509,0.2005121377759873,0.08437496498317665,0.11509037698461089,0.34663085037980756,0.12036431709481121,0.18826242612728483,0.25839877522506094,0.05814100316826454,0.05814100316826454,0.23119379614150748,0.14391803202095055,0.33797987166518784,0.5025475638044281,0.16583129635987248,0.12846890541324119,0.15020628411730708,0.07739015268340022,0.33702524398778144,0.04797868087386603,0.40252039393667993,0.18179343863380226,0.3431517573349465,0.30978049857465506,0.13815153772140942,0.45987404668206033,0.4552882733620135,0.22388921460069133,0.1259338083696664,0.18900841195382856,0.33230742875585717,0.1323598512536418,0.5095328901163422,0.12909040653192916,-0.011460002091532084,0.2421364007338479,0.34397446859315584,0.4560789739906962,0.33759585320983054,0.36723588666931506,0.22762568481626788,0.477004367631104,0.1951623842616812,0.12682252154766738,0.0012565427712269983,0.11639634871894411,0.13462861962809614,0.3456621693067262,0.4143629445103634,0.24630229038416973,0.09904794037310594,0.19660103363123838,0.36659958777967716,0.15842202572698194,0.058217972524162276,0.2257116565005185,0.3116304610806355,0.19959865643207397,0.21383955484602357,0.13803199624744045,0.043043015660475525,0.3065775390303964,0.10288109561357783,0.11719449602381549,0.37628700094425427,0.14505565511899388,0.09073391229787142,0.09019308243991431,0.5108758968297391,0.5081152570189432,0.11144392374336654,0.09264169298232128,0.4614796558541212,0.07171888944179217,0.20493244216589512,0.03122870957863899,0.4361655006033822,0.4480940635561175,0.20683773837868513,0.1674509962660331,0.06605126869446509,0.13227444142695277,0.16212472200214345,0.47347140977943436,0.1746962222990237,0.4162600251003692,0.5514902031090683,0.3946301520001152,0.35570400274711755,0.258191156673391,0.1957873458083229,0.04227614731714702,0.256602152078496,0.1057942095478217,0.12053936202448123,0.16400710765348736,0.09389699986940003,0.13965946896183157,0.09128350143485608,0.22119355673607333,0.5494002423862114,0.19664427423821462,0.26307806375069154,0.13741242251260655,0.12156624014094464,0.07896799038366398,0.37251188909174604,0.27827068894430884,0.021509541728022552,0.08991841269680934,0.46024771147362764,0.05231950099668159,0.14671605952980715,0.44270316815908517,0.2102721851381505,0.1717105101367199,0.12909067650835182,0.38102467570684984,0.07885923645631077,0.3023234559140756,0.1373210273458979
0.39756353276899414,1.0,0.43538854682695893,0.0922796809803883,0.20756714889230976,0.29159127572221366,0.2966988995366999,0.24464939223215088,0.06465071284815216,0.2838548390136031,0.2382650395702225,0.19467916212488,0.4208250736202188,0.14506508579858424,0.15946546820165086,0.17311349279138244,0.19795165712481144,0.14239145056809,0.2137816504513671,0.2633086040576327,0.3966931467864777,0.028312034539989317,0.48077675830135336,0.1624144018987116,0.3852451953598699,0.2968115757195322,0.2914735108723081,0.5450330067071656,0.5004527846331673,0.2585139692499492,0.385670472582318,0.1079469426621259,0.1995850070497004,0.38775684826875056,0.11482849932828976,0.16548570742419044,0.36915494477791744,0.20960746269867592,0.336068848487838,0.35763808858985713,0.07979307267961722,0.3586279333098201,0.1955891339333452,0.42822503231644693,0.16244580962278266,0.2647456628127546,0.15273543098780806,0.40948812993413397,0.44584364052955483,0.35249822781928175,0.2127368401756663,0.18641695682305304,0.11504308206468061,0.22886378139334118,0.30079029343868524,0.08137106982947195,0.24782666889008054,0.34458384658186947,0.1947593585967119,0.1947593585967119,0.20242246840406797,0.23411571530636255,0.44935227170947123,0.4040915854114052,0.2530327614517074,0.2510818889207538,0.2857174970730536,0.20268791382001894,0.21644022289828524,0.11210282998418053,0.35199936161622836,0.29564315683741826,0.2928466229479434,0.35488683434729007,0.19482830531061712,0.41170649068493925,0.44721613356814016,0.18015245165264426,0.06528072281835606,0.19472718189112792,0.373100497412978,0.2687311804397583,0.4639088520152903,0.2730230922828736,0.09654507829441028,0.30335130696965473,0.44166418819474385,0.4441845110457002,0.3999206958677969,0.4152891975296753,0.42749284088910533,0.3923841568603572,0.3467350405238516,0.28015760363726805,0.09992627440435164,0.23167282516930143,0.3154276814850465,0.30252747831594684,0.47153391279813794,0.3780267250120828,0.13351417858725023,0.3237852626894595,0.35518553584722845,0.12227715020490815,0.09408736459722122,0.3544475318757807,0.25892760908725876,0.24955080742550273,0.23706283335945377,0.27319208144506757,0.15931498520566345,0.3693126234200743,0.23162936990628336,0.2913969544767656,0.465693768862132,0.30822056741784465,0.2002316485938087,0.23130115857275402,0.42300610036414654,0.43714456832689375,0.24039518810022176,0.24959065935707114,0.4732908459429892,0.23406954073857855,0.35769977591829016,0.18939133988760448,0.5586368294661438,0.47073508667785646,0.3350668817960172,0.1464161440127445,0.26366706179993193,0.20633298975504955,0.2229302565684046,0.5096382345747823,0.019018289654393228,0.49589442189531563,0.5613133282981022,0.40367354013800893,0.46629669878091595,0.2841395342579762,0.2961437853864104,0.07398706178993752,0.35767182182855606,0.18694520983798624,0.32818996840964876,0.15344140718249655,0.10160713505555019,0.21810852038019957,0.22787175376176094,0.30992491213465967,0.5503388415281172,0.3135687468653423,0.37228346989992267,0.2669532047953337,0.15256263925080493,0.23638751774191658,0.38475759588551517,0.260320754444316,0.04200353806685231,0.1444677988273061,0.415803200387756,0.157705709088801,0.2473489191557663,0.3920339485832973,0.18111228125656553,0.1595752072034412,0.06002339135530155,0.4049783174743993,0.18423591688067642,0.39266477303566827,0.23223642959942314
0.4198227431198731,0.43538854682695893,1.0,0.2000601826998767,0.17755266639663492,0.28629670370578253,0.34437728025625103,0.24221368181276737,0.19176560941823007,0.2952651819528179,0.3041729869235018,0.11548480448028153,0.5362312930808458,0.15979892778450044,0.2159621513827028,0.20213362241616206,0.21228849445336528,0.1986108875031224,0.30984706327665723,0.23629914937000662,0.3309083628957652,0.14021746788874156,0.4367010840469261,0.17396011655839816,0.5225244587890531,0.23878771641834406,0.34497119314145874,0.48289911401621677,0.46739670476496853,0.24062614229239276,0.511799928498884,0.1714280258741816,0.2553721709715078,0.5085763187389365,0.15818730001824388,0.13823800293930533,0.38968547314220725,0.32828544473364907,0.4871422152431173,0.288876135251109,0.12297150013146163,0.22806111754734337,0.1892693243325383,0.5155682469187909,0.1280766876303181,0.3254540804427041,0.15217134437575353,0.43747312738459065,0.49422006092547033,0.2503138241278311,0.28470215254477205,0.2762198359192112,0.11276066456065226,0.17901337724848165,0.3263097304861613,0.14242829120426947,0.31843850267497276,0.42543392264121593,0.1664008109263614,0.1664008109263614,0.2564494025383185,0.25057446064685807,0.36481727921532137,0.36873135103791377,0.24800613284193973,0.22235180129369214,0.22419897726930904,0.13999777060350616,0.22397733480026216,0.1576525356584626,0.4111215557549037,0.19029840815518395,0.30748144468878824,0.44544282804546653,0.15493267131679822,0.4912870691301614,0.4997737889264606,0.19468179188675871,0.13564306471776777,0.1969436840132187,0.465969466757826,0.23872862017004648,0.3725662167313062,0.2906870391772496,0.07820359784391118,0.28526175917231933,0.4553065269380807,0.45857561837713234,0.39053849561645226,0.5258976125712204,0.3650798676125643,0.4917182848041761,0.23201596163897187,0.17518235537616078,0.088653003465199,0.19768326518768786,0.21971527976413796,0.32581732838706734,0.47314785195198517,0.43264926249579105,0.12295504995911832,0.27569916506241343,0.44499029822680225,0.18611256939675958,0.2731356779066536,0.2979991892954543,0.24693700273919328,0.25395211511107996,0.29451792879347205,0.24437161563287058,0.05928271821329156,0.380361418286267,0.3520299186723126,0.28621350130341605,0.40990570598969756,0.29131855651776506,0.17421162033649373,0.286585588921324,0.4916544259589215,0.4605642522200438,0.19628268192369625,0.32225941949119163,0.35460191483396586,0.16386925126633856,0.3138211551607477,0.16246710500735817,0.550641874470364,0.5083499355851002,0.24412510193512538,0.18975432556267124,0.238321329666083,0.31871124639842296,0.193205578974329,0.5453996941577623,0.2323189613040837,0.4193400180644149,0.4808866653248386,0.38999434866651783,0.43015274016879146,0.296056117444343,0.2869847371061589,0.08962347402868176,0.26693436473627274,0.23336100288619355,0.263542923117138,0.2464047804889582,0.20668920705250193,0.1518827485481027,0.17277756385628162,0.22312905397747695,0.551316900554077,0.2440780417230708,0.38201064166155674,0.26801465581962436,0.05678648446150525,0.1870090096506063,0.41526872051153085,0.3468942678887039,0.138540408012497,0.18259959827408512,0.4293164386757353,0.21360617255970427,0.2174368362402639,0.4467429094974973,0.2570290664444954,0.2827336195608844,0.20351446443143728,0.39737212924544707,0.22884568399498584,0.359546255564815,0.19366367356958547
0.111453597291028,0.0922796809803883,0.2000601826998767,1.0,0.3726935011784249,0.3176019746142936,0.321057032225571,0.2540272035850244,0.2906225528370292,0.30772082384219224,0.34875825617923084,0.3244269436811086,0.13594787349680615,0.390933120930375,0.23781218284998995,0.2905726980193942,0.26855183563072416,0.2801473410629187,0.4285842680895008,0.3453056325403816,0.20668639709930936,0.2057689710962285,0.17046940967735635,0.5320380809682373,0.21283149929026424,0.32247914084643936,0.27454178820580977,0.2128429528176945,0.2075839435341944,0.34327034886983765,0.21488917624937898,0.2218039788755647,0.2847366692471127,0.17448451420741407,0.3035930240514777,0.26749243217611607,0.30352057692669143,0.27393220081491165,0.2208348508459087,0.2224034988853204,0.31956337192934026,0.07721011553302182,0.2835405328791507,0.23367743786444706,0.26018528188595413,0.34513248710048106,0.34034410582692365,0.16804396153118895,0.23006263191785015,0.11841348219318626,0.2894738584638412,0.23852460930863995,0.30483588201506184,0.29655544645578824,0.17815600235937123,0.36202969877059776,0.3521060588011431,0.024234176805670193,0.35014787442888506,0.35014787442888506,0.6376899141510206,0.3804029533170481,0.10121166601295262,0.14340964370648834,0.3171738537859915,0.35880658920077835,0.34058062536444456,0.31382590953464196,0.27576911644372193,0.2426973273627886,0.1850542729169542,0.3070304065727423,0.16147604546893124,0.3669032771904783,0.27690760365409295,0.1989009035064152,0.20887654011645096,0.28392304712761907,0.30560011825368416,0.23447069490012007,0.15508309798241582,0.29477349448778967,0.12485280832137302,0.34575607674694053,0.36300144215383967,0.2746414547052798,0.12344513716712835,0.17863361252248122,0.07093361850717972,0.056147066049939576,0.31754242036876135,0.2097219693728376,0.3637056373831813,0.21009946236957044,0.21793109568293545,0.3678902663905914,0.265972972426769,0.13958782034849448,0.22834725156382862,0.14007883133725396,0.3669023013320968,0.35842492536892445,0.31213940506351157,0.6641907768345,0.2889366537936007,0.28617500629939574,0.24675945695505264,0.2729014063533419,0.22598731305636632,0.3208276885560044,0.28493020432046956,0.2608627325424755,0.2332370813346465,0.31176269686839686,0.2430954101940932,0.32019077401171736,0.2666276403388219,0.3091635848672645,0.13623414019842994,0.16976580575058275,0.28418314542848566,0.396212433392763,0.059434232346750715,0.3808161754122157,0.2740543010676021,0.32727965278917126,0.09853485001392781,0.19893464392244475,0.2577242653953552,0.5009426556717076,0.1862001574197708,0.3532975809610046,0.19676971156858336,0.13703140213762321,0.19872703401732672,0.10224508173242608,0.17644505684610334,0.10146305258136312,0.17270634633333515,0.3997207861223214,0.14631859960593663,0.3284173168413036,0.20893910864232235,0.26287531784227636,0.25530530306256427,0.41019959684745566,0.35052853575603127,0.30622174048029893,0.3426488881488863,0.22352242145606793,0.13389596849595686,0.18977588504942577,0.3032461618943618,0.4048452645137409,0.23444994410314035,0.28996061523160854,0.2400279397705788,0.15024538477138671,0.33315631295867476,0.4019502736756837,0.14358602087007322,0.342855589542182,0.3529611204669243,0.1595377510553947,0.31836829717257853,0.23410607014951856,0.13289215725557324,0.11988659222542875,0.16877994020696585,0.21376441002193391,0.2644607894366019
0.06498289906143329,0.20756714889230976,0.17755266639663492,0.3726935011784249,1.0,0.2794702917464741,0.50191088368252,0.24257442252240458,0.42265716130152087,0.4350624871468225,0.25154958948922923,0.3653718820572929,0.03216559857870149,0.36355139879861476,0.18991516715756274,0.33578546375696794,0.20217144974950463,0.26221312673198627,0.39463170076912113,0.32517059808335125,0.2989042992243942,0.15617766402669098,0.03123030754041367,0.4267002733850398,0.16741503560040927,0.3694783982568408,0.180641373614983,0.23117283439333491,0.2521410387766605,0.32205144519952644,0.19760578147643515,0.26402220862946635,0.2367505076724319,0.19128655666635752,0.3123049260627391,0.35424458446876617,0.29897960110667565,0.383551960217545,0.34504160283472773,0.21188984009966083,0.3986751685794627,0.03692492446578077,0.3349563444479101,0.23287311420612888,0.3133099174677676,0.44917487731638606,0.3554083248214184,0.13436690069225243,0.17354100869750289,0.2519588912178653,0.21729547708867836,0.2467511183617911,0.3002528854146962,0.3906420969840936,0.11438606806422069,0.4425762058497682,0.43610009183208054,0.1675951547517316,0.37601772423129365,0.37601772423129365,0.42409319151246994,0.4055482148135966,0.16468413454845698,0.1537328663705314,0.3682400538075734,0.47134788963212093,0.38479029083790706,0.4027902860191397,0.15247523776638228,0.25562879824572193,0.2500169501147127,0.3338669769560083,0.0663146150429127,0.4312954228864465,0.23537064932232166,0.2431906610802177,0.31370346352574985,0.28780739652685605,0.4033463409701792,0.2588450877757741,0.11252009030467591,0.36609207815597977,0.15092844843578002,0.1681723971736696,0.2857824429535807,0.21463822290335788,0.12982223522202307,0.27509742272770765,0.132912106332705,0.14542566769508047,0.35956954090887217,0.14819145068415618,0.3690304701949172,0.26359973867533326,0.22534133422761382,0.36859071250904374,0.3430265759665386,0.10633590443945595,0.08592431553355884,0.12278648597734432,0.2940057456296432,0.4490401525000097,0.16393082050544183,0.4723962193389488,0.45086818636997483,0.48129603217897854,0.3065508186776831,0.2935249523130814,0.2330780560948077,0.3782408486627845,0.2915707276544327,0.21617139893232962,0.36913820205104164,0.8043609018882539,0.23259083875126096,0.46233408935835396,0.280310083623472,0.2754225310219022,0.19677031118651378,0.14886986158665483,0.2555066759252269,0.48935188069018964,0.07753447405270975,0.40977799675474513,0.3134364476695486,0.6842297212814608,0.12933310806250464,0.2732604968468255,0.25722440717849127,0.43217999676779506,0.28789803238709144,0.38189641160612986,0.22352253484081996,0.1254034013474441,0.21733204161916442,0.1674282210494069,0.21926117479933271,0.012442725619502881,0.17599213564061678,0.41034786062417683,0.22639920777335654,0.30381592292288817,0.28633311396167893,0.2767370852778197,0.3572094712073014,0.3849553574113216,0.39169365631066033,0.40827248863330623,0.3985549257675681,0.4137936007827189,0.1508612646688734,0.2416800033189337,0.34921743508085923,0.3710133910924387,0.33887175386653556,0.42702980289729764,0.21811521660796462,0.16296509064320785,0.22949403055709827,0.29481851465359954,0.10485200598931832,0.2988969280031608,0.31925935221347324,0.19752989734741244,0.29302072957175596,0.22464947459972817,0.189098491507791,0.24461116335027233,0.20356897246774497,0.2320086489765243,0.36281204512192344
0.20578066915045823,0.29159127572221366,0.28629670370578253,0.3176019746142936,0.2794702917464741,0.9999999999999998,0.32562967677134913,0.2581512973304747,0.3210716303974901,0.47886964939754306,0.48818157735639534,0.22240040389188687,0.3001529432776211,0.25066195682779746,0.1606391471631924,0.46922259110948583,0.35966595712730287,0.3812712611477377,0.3634317473047678,0.37734533232583467,0.346486454789511,0.24697159354384057,0.2533008771075179,0.1810253476260586,0.27035346035014274,0.3547577961792756,0.16352050697433218,0.2845911036533374,0.278635230862434,0.43574231341750114,0.325230518069876,0.30277941186489543,0.3972412231028304,0.1796859163799427,0.2886329297260424,0.3316027297921078,0.485849309286692,0.3205893531006825,0.15198119436743684,0.16389900136884994,0.11744665450841629,0.2548241087800257,0.45095136530655977,0.39198973638455326,0.24011193223571237,0.28647972870830896,0.5986976370926741,0.3333277936575548,0.2802631772350168,0.22522597403877076,0.3523852854194647,0.29442071303068484,0.288478857164824,0.21524260911646353,0.15381330145288263,0.321325658395913,0.2632536741658891,0.17802895358436666,0.1403686831532618,0.1403686831532618,0.3379568672165676,0.3804283832855775,0.26092415958271986,0.4104644782122333,0.22217654111425977,0.49252312092434636,0.2708744053052734,0.23542550762521808,0.20749884001587415,0.324707488329951,0.2789751890507012,0.3068397149139953,0.19310350474639315,0.3660885332313304,0.1773355645309318,0.3417257323108248,0.255965200987322,0.37884995776186126,0.3805104910109448,0.3382687523159924,0.2660840058963987,0.3312454087222725,0.3035162178615105,0.40474692272736257,0.24580904044634133,0.307313738409855,0.35719619632823907,0.3299237792394034,0.3419877768563453,0.20242596647557365,0.297004623487911,0.21756638938043582,0.36107205031510503,0.22630785406183818,0.5113122606976046,0.3993831989032588,0.32823968392031866,0.21973467050996076,0.3404672381391124,0.17896263125159995,0.39848217541527364,0.35772104911866087,0.32122965189398367,0.27330984930263647,0.2304229388954535,0.3084396247719654,0.22250517378097345,0.2613838723068813,0.4139477989197149,0.3245405784932043,0.4064854379722931,0.3770562723216224,0.28667506173566215,0.4510974935612271,0.3011938686372633,0.29582592302211586,0.31658214684333763,0.3821653378003147,0.2794161353968766,0.2852213004350548,0.20880559054951953,0.2661865119604254,0.22229047048726858,0.318284793394797,0.3431352646228447,0.25161979148234415,0.2802234580590661,0.25114354343081025,0.25622740665314536,0.37258992740999286,0.2725906617693339,0.36270796407793915,0.2921083241065904,0.22517315140220284,0.13125380608532144,0.2532347114677127,0.29304149747220376,0.251322688260497,0.19518917941801073,0.33756147529849956,0.22117030355071743,0.2935823251217933,0.26893888208674555,0.7483149953259703,0.37610490755704873,0.39070028857289607,0.3451035815614354,0.6657283285043697,0.3263632431345227,0.2637236146153312,0.31650288992454545,0.24288260434468478,0.38052478868683326,0.3787498545521826,0.31227228458309786,0.454224692556757,0.32462904276070426,0.19769642914995633,0.1939268010318671,0.6214472251858789,0.1700660342210839,0.6991615557393115,0.39366218796154384,0.3357877598214729,0.2772737685209572,0.2526232360649503,0.2343796627947614,0.3229074842125852,0.18497737566869576,0.3237574593196797,0.21910970711443012
0.2515223090776577,0.2966988995366999,0.34437728025625103,0.321057032225571,0.50191088368252,0.32562967677134913,1.0,0.38577925974861826,0.4540626059392192,0.4478881981689743,0.34369079030565275,0.38556988462142106,0.14848267055441333,0.5017629490591581,0.3711360485383002,0.3543012506022223,0.3204757595666934,0.32402165305506725,0.45297104465185123,0.5573548809777279,0.35426778722344454,0.1007698333827094,0.2485381885011193,0.46725143940051206,0.2911288907039393,0.4840468995603884,0.24919101379182274,0.40025000715478454,0.34527274343703507,0.3390262811259701,0.28639622083578187,0.29697828128400516,0.394232643505234,0.30407649251806423,0.3726924265664959,0.4902820893454789,0.3718421373235956,0.5226712945828813,0.3559335238128518,0.4221853626449642,0.38093779452757404,0.13655879229331525,0.38027025961436567,0.24027659401188217,0.4228448322687426,0.5853014115696583,0.33163534748125945,0.28977149778558964,0.34049107097747133,0.2500637556066858,0.37647867325596795,0.36448981240156986,0.3797619104186901,0.3893262781648221,0.20907579679417831,0.4787984214086243,0.6081237250643478,0.16933315483967804,0.3351110075745264,0.3351110075745264,0.5058833087680259,0.4798526611205809,0.3259980506743041,0.2904684641773919,0.5162200456766439,0.49301966427317256,0.4640510938117999,0.39346747857419495,0.3281004817071772,0.3789585341950479,0.36949143390978323,0.45688379728822903,0.15789109850721417,0.5182888858569034,0.4280850233731255,0.42958913771629637,0.4075810128203572,0.3498503926160974,0.4320299430224531,0.4315739082943648,0.3385214497477944,0.4591557769886738,0.22508221504076875,0.3571430156822004,0.3534523936706395,0.4273991217134996,0.23398742469267297,0.3255443738059852,0.19081551527977947,0.2714125073036576,0.5852805096001035,0.27188505424232257,0.533686623569675,0.44487194007808784,0.21048895089376218,0.4354812325713473,0.48921229792306886,0.14130290029089143,0.16266703567244256,0.2775565518684736,0.3197032807632392,0.5754588091128908,0.31410289065281893,0.47852820472348756,0.4869022235403525,0.6172144785189614,0.3690137413065764,0.4132421248024418,0.3560836201392228,0.5303328004653689,0.3484417858273229,0.43659607722938976,0.4680376817848577,0.4905316672644553,0.3070583793117737,0.6283073757891984,0.2155923955229344,0.3200674880004202,0.3706209861323472,0.2640063973408443,0.45203104706628316,0.5873631346530703,0.26989739947970626,0.5216514521930932,0.5838094749440513,0.47136926277004254,0.18890723664142728,0.35032327197450797,0.45397275610887644,0.42219385607590154,0.4966399902436516,0.42242948887965026,0.2636847580524434,0.26186113914193254,0.19300250262062024,0.3418819769274334,0.32499242992645727,0.2099720934942242,0.37782134556892233,0.5503951525672189,0.2562226367156588,0.34904825575163123,0.4809855272404535,0.3565285936966547,0.5562775917894219,0.42188912285803837,0.36394844774745216,0.4191409940315176,0.4203030295769341,0.38960553244404394,0.2695531135058724,0.49758842395103997,0.5145622787495379,0.4649335527096341,0.23931573148455942,0.49551711957661615,0.2873987322472409,0.24057354659383956,0.21314067347910604,0.3598172627987739,0.24998895465895454,0.27477703787372754,0.3883425723576551,0.29186293598963575,0.5600391383383979,0.32892589826679886,0.16446368459085658,0.37306588439973276,0.2554615212654674,0.29702981044317556,0.4258695046482004
0.14007486655823786,0.24464939223215088,0.24221368181276737,0.2540272035850244,0.24257442252240458,0.2581512973304747,0.38577925974861826,1.0,0.27222192444217486,0.38557408448766095,0.4419691163983732,0.19606935164736528,0.16040510852403822,0.2693471593136286,0.23492428755780237,0.25375710618665726,0.17271492060237903,0.18667599517913203,0.22196418322522538,0.26284502277042354,0.3577725935044316,0.19993773915419033,0.1940640915699431,0.2724302351127037,0.25078765687549587,0.49883979391261146,0.14436975764076565,0.25395824528051714,0.2688626368715965,0.23220313420816519,0.24787434107779638,0.33769682251053856,0.41400470300398673,0.2167880266201675,0.2134674974200068,0.4244901334232598,0.26596826673874685,0.23819742830402535,0.217603504412768,0.19511970655083388,0.22149405525967003,0.13310398706113336,0.28426426262914695,0.2633145958607144,0.32465676389416576,0.4017996219454436,0.24660560701523715,0.14769713616050262,0.259457355758673,0.24693267667556063,0.26958900211489567,0.22292309944693656,0.2369252766958052,0.3832706832907993,0.2063829768830211,0.25628655431018577,0.31738251253007754,0.13731952782037338,0.2828921616804415,0.2828921616804415,0.28985874332390016,0.43829110190086973,0.11488170196536662,0.191994477612753,0.38640554888196144,0.43897232807272735,0.360738022961821,0.36104969550529,0.14646723939051787,0.36569746847287354,0.15687094419013448,0.4045885367762849,0.12831732895030346,0.2928733208542199,0.17758162707086267,0.20578256059299194,0.16779800301017478,0.34405496691227344,0.32559699947069065,0.3760374814952795,0.14367587190499342,0.4004110454565091,0.09490608116370469,0.3433877210314752,0.261467742321426,0.27477175088936057,0.287700010968172,0.2011323678942899,0.26438636247838454,0.13127934815956,0.2725810745925189,0.12360029718072685,0.34026112948204834,0.24292018271317317,0.14690407380614934,0.46300228622983175,0.3465139161406967,0.10737499634047876,0.1991248147300586,0.11029325626897246,0.28784450132263006,0.30093834882825565,0.26115590829485913,0.27692515609353563,0.3876950766431644,0.4074026871517129,0.2659487167113377,0.2693956550213562,0.2607169225123409,0.45169389124589365,0.3194450370523274,0.28079286673603243,0.3134654318459996,0.35579462046255994,0.2559445660487726,0.3759889496345483,0.24835395514718506,0.3946254838345027,0.11516735387311172,0.10562079093245025,0.4404051589428226,0.32677617675157955,0.1395254595737877,0.31994630624122244,0.39943822823114905,0.3975878608291499,0.17118826400726594,0.20124413302659583,0.26570513595287903,0.26686223376719564,0.2646501629583493,0.25512010583367917,0.1277204891709549,0.22432302140632243,0.24042583365125303,0.16649814438112553,0.23542927541094116,0.11581503592896181,0.20269681771631398,0.34204820824619686,0.1605260296224542,0.25125037274856044,0.25374172476736256,0.2481997116029575,0.38008814810382674,0.29559391109042565,0.20457601237748402,0.2809225918755076,0.23314073801211677,0.27139942125791694,0.2373693433767914,0.3837060682097151,0.2899213314675262,0.31614022253554297,0.2938730945153033,0.36914469582024223,0.24536644206564862,0.10859604813555102,0.3469011789664568,0.2357269263034074,0.14595866064659846,0.19803354132877327,0.3186765154206965,0.199722334640707,0.22579665226673296,0.1984318769129192,0.09640274551682348,0.3023431348893134,0.16146447361827787,0.16745672676235412,0.3798038055936852
0.06792745762572971,0.06465071284815216,0.19176560941823007,0.2906225528370292,0.42265716130152087,0.3210716303974901,0.4540626059392192,0.27222192444217486,1.0,0.5159323507939502,0.30500181386376113,0.3969572558323118,0.05113911813779737,0.48912527965157615,0.3035135822781463,0.5194315590825309,0.2905543109992501,0.29506333760484993,0.5551549925173868,0.43268819620620635,0.305986347476809,0.19902262089714218,0.025138044174225604,0.3553307401780825,0.21825073790261196,0.40337523074723536,0.08496163053146588,0.22106299566333298,0.2300892089225065,0.43616793308292223,0.30153877433665,0.3070699914291124,0.37674105378862477,0.06019274980788225,0.37151678699054724,0.352532975794704,0.3468044696085778,0.36122941893551386,0.22724149434836316,0.21518960129517728,0.42528781318354136,0.13847492189355803,0.37869148639863615,0.26987706519843946,0.18012272054210454,0.46990966881423446,0.2880472235296092,0.19128159089054375,0.23020516609985808,0.17473622414251266,0.3299444987356517,0.33465986666402747,0.36949479214234715,0.3366821482958674,0.1098234032134493,0.7654399254297163,0.478394558372612,0.12418757281875015,0.395223780794671,0.395223780794671,0.41645144019050284,0.4094465473123601,0.1262521257139413,0.21638315979257106,0.32910762391265713,0.5483786966899254,0.32853158933080606,0.3844612084925091,0.26405484351015107,0.25434064466400197,0.18515104519965964,0.24429912282287736,0.19004112979207877,0.42516594181214096,0.22117323860131544,0.40584295136501913,0.2012982242177943,0.3503961036339971,0.6826345545101541,0.24203473995972147,0.11337388047502206,0.30524792911835463,0.16968004192507447,0.30399577396514865,0.3015090857144712,0.2893233522675456,0.1478209646799883,0.29315592938089985,0.2513037370804445,0.18181263407819126,0.26618798899297014,0.15181094878494172,0.3668174988237425,0.16111385606064377,0.23194394949428288,0.3519561824434998,0.28799379005619863,0.11085043066954259,0.16290105419299472,0.17687782482517,0.38459299978756223,0.508787682521128,0.19500365945673948,0.42424375261541514,0.43070979384754293,0.3972663606818456,0.3206738517752996,0.30716921517207574,0.26415401343390843,0.37198085979865325,0.42118613924342785,0.32630535450432885,0.42119073199183577,0.4407392539240065,0.19326542835751126,0.41267957031003644,0.36945323288069276,0.33753664320275845,0.22492688221217483,0.19155972791205034,0.19423796460316534,0.46290842596425885,0.06902825675274094,0.44000163117311575,0.3492016767967423,0.43351771306904885,0.1907347635344412,0.0928161271678738,0.17450987960131492,0.4647063363689796,0.3227780048529465,0.511752650902482,0.37972877435041796,0.1696033894454576,0.19584186446195329,0.21092222815112582,0.19535371341125773,0.1436929827567771,0.17655338903486228,0.3948561643917001,0.289137401914318,0.667845691446768,0.18519501220850298,0.3270813650133162,0.35399285685045756,0.5332620520260309,0.49656784007270516,0.43074571706324116,0.3908530743819316,0.27946004354909515,0.2032673481865822,0.24661750701026453,0.3397517777398138,0.39054365919220757,0.328742438698864,0.46827119674314444,0.26420140991590335,0.14957473150007516,0.30083743272404384,0.4100478277139008,0.2281890177463387,0.34904283366900624,0.3513062285358559,0.234298064642964,0.4573384835452333,0.35381407333501413,0.10290500332126351,0.3184809916780187,0.2587668404093826,0.21008566505639414,0.25518260840805707
0.14330291239682258,0.2838548390136031,0.2952651819528179,0.30772082384219224,0.4350624871468225,0.47886964939754306,0.4478881981689743,0.38557408448766095,0.5159323507939502,0.9999999999999998,0.5067823204901165,0.25937189640639113,0.171391357299719,0.38050737763656606,0.24845850725438157,0.3969671087053841,0.3502503955741889,0.42222505978501057,0.4319658954563981,0.37179789052283474,0.43636598029442997,0.2945941987392733,0.19671368673733292,0.36004319541259466,0.31594527640221926,0.5330175507216403,0.12611893651418693,0.3609377160569398,0.3432303533678085,0.450130660951056,0.31855825397676063,0.3401431756561214,0.4388443132225217,0.15409363821189115,0.35532382495084947,0.65439530952427,0.4800701892478568,0.3416881405510346,0.25541454432778965,0.19254858712619238,0.26812463756953053,0.1503354325220504,0.6113158927620786,0.29514102348729687,0.47269122446210177,0.45360766086404225,0.3901716125981196,0.247839475527605,0.30590115437429943,0.3782889086040212,0.4099758701551598,0.37842579520023323,0.5472182088937644,0.4921848727324942,0.2004072297621966,0.5035207878269728,0.5071037055745304,0.2580836828272586,0.37184034988111314,0.37184034988111314,0.4517027700200267,0.507174446416674,0.15218669040134447,0.2957836577199081,0.4735849735509392,0.8377525376559043,0.46115362872434396,0.4876742113959367,0.17359480057769983,0.317082014366893,0.1873799136993386,0.5295588383257087,0.25880843906632034,0.4697233627777294,0.3182189266611384,0.2685351007295069,0.25101786722461905,0.474961624817243,0.5513823004202589,0.42997556804021997,0.20160533146749926,0.45815507301365244,0.1894204152668283,0.4088594913232868,0.3536657627684825,0.378812000180371,0.28609233941384904,0.36364327103545113,0.2910888578241876,0.18071071118561421,0.39544456162544606,0.14085009823555594,0.5246619679352261,0.15736254714019127,0.28762592926438946,0.5173288268592192,0.45655181563429625,0.18018561792742604,0.24181415510169613,0.24935616695953622,0.5610892262343539,0.48573850879747016,0.31724161644930293,0.42226196323727505,0.3935788693540092,0.5013966780575481,0.29435068636928297,0.318272951208425,0.43664707264228597,0.5524046566419817,0.5943229638756985,0.3833493097891676,0.47684206831243636,0.5359907911472128,0.33722002763778436,0.5143964803524272,0.3895144340039087,0.4948735460823712,0.3065203644305089,0.21087755000815722,0.3104233699287341,0.4530888321951647,0.1419573736772527,0.569957749527994,0.5119804777663772,0.5083913406162808,0.22839204703285487,0.29579481471339664,0.34022042536973296,0.5489419702329692,0.43237194574005944,0.41134734532930817,0.3526552404499419,0.20609398287547154,0.20559066129920422,0.3265487748701845,0.25896288528255496,0.19709257925122436,0.2984490371767621,0.4871442012633447,0.28503378203966734,0.3685013354417269,0.3309148798236953,0.4367007563030605,0.5062416885689394,0.49478564036567685,0.496347559963363,0.46581790633238596,0.3901187380799134,0.4520916420922736,0.31563719860004213,0.3912278339209978,0.4099951382676863,0.4426806772056371,0.46976220211489417,0.7927360506984975,0.36331963832915837,0.2114244479358416,0.256366625173433,0.4370759614191453,0.10861589716998388,0.5208405635695627,0.5431374068742987,0.24916113911502247,0.38562189831994476,0.28703406383048624,0.22837784227192526,0.3085317938563197,0.33554669152644423,0.3452836002219911,0.33968525419300133
0.19629275104551114,0.2382650395702225,0.3041729869235018,0.34875825617923084,0.25154958948922923,0.48818157735639534,0.34369079030565275,0.4419691163983732,0.30500181386376113,0.5067823204901165,1.0,0.21124095173526658,0.2530133303395652,0.3119745610694443,0.2671435077529203,0.35157637015692167,0.3661258742922524,0.4290982004472661,0.361930333128645,0.38126951929304,0.32158532599571377,0.2711432973801472,0.233643332111669,0.23552433873708556,0.2783774884068244,0.4818459251462551,0.2101537921427461,0.2825696553176107,0.3776398774023394,0.438973568207081,0.34535921230857114,0.26031286235142304,0.5257424984916982,0.23554073582025725,0.2964637777641759,0.3896244547802954,0.39887680762219413,0.3062258991571125,0.1561675341949974,0.22694968917918246,0.18910215985808732,0.2127920918767653,0.4996920036590683,0.39434459009951683,0.3267056502757191,0.297823907960611,0.39059001320867914,0.2555841811583799,0.33197045341249476,0.3067452559631595,0.364697954211072,0.3067243950647648,0.3022934821681801,0.397039573120332,0.20827861330867914,0.32693145972091586,0.30940233549024887,0.22490203361632144,0.19532290667154717,0.19532290667154717,0.42215437617711227,0.47396623650372494,0.22525402626150481,0.32221078654801427,0.40463658615206155,0.5653857431524307,0.3698721474893154,0.38817895225894383,0.2683620409915577,0.3185657653397842,0.2383491659614787,0.4071333618683748,0.192623787560382,0.31440690946668426,0.27085784148866776,0.2987762103843231,0.1936463258944907,0.42256808611645846,0.4014625608490874,0.40290715085878404,0.20685421647033198,0.4457737297838428,0.2388454911154182,0.48574738093065106,0.30832903356438257,0.3947994612102359,0.3631151037537037,0.2691956306657861,0.3272341314781917,0.1612604442782698,0.3378484725634894,0.28307302726916417,0.3999423787607632,0.2521978782206582,0.2505432079801839,0.4844684755545423,0.3274625305701746,0.17948256117411698,0.28861718410217574,0.2364806283144928,0.41838098254124756,0.3313096808680194,0.27560951893506047,0.2910216087591748,0.22558283820865355,0.38397673864971904,0.29956324589785677,0.3812416677019814,0.5383012476519616,0.4982796932019823,0.44679275914478733,0.44057194759394425,0.43884098684591044,0.4128676922801876,0.29701683986406957,0.3822171121933642,0.3411049968062899,0.5161408171766138,0.21638392569324827,0.2819692166721084,0.48831416306313624,0.3339287731604559,0.1289338127177232,0.36042771682980934,0.4219555921784375,0.32335069200539734,0.25759707974422863,0.26361420857277407,0.20104908606541572,0.3898766253168432,0.37532272032989966,0.4337704173353665,0.27149507547151686,0.2636483937305685,0.182087805397795,0.23303940810853097,0.27738802713251554,0.2090558967334768,0.24327525570730857,0.42737280852854864,0.19806242690364795,0.2883063343702491,0.30846015304869523,0.40931687861510757,0.39373962654651185,0.49032503763042556,0.3628512589817794,0.3528748518386382,0.29621279408888257,0.29217950901417566,0.3116776544722504,0.31260808436099996,0.3943065001407199,0.42832450353338003,0.3684921102172545,0.5168587663619508,0.310276000103765,0.08528919011754355,0.34589607533551914,0.3916614009156565,0.20167777520458985,0.3762741152673983,0.4839252011156392,0.2957917866868828,0.29766454703845835,0.2595520660085181,0.2162370131113316,0.2818509526979872,0.2389953924851126,0.27837427739090814,0.39567289257296334
0.06944745576981404,0.19467916212488,0.11548480448028153,0.3244269436811086,0.3653718820572929,0.22240040389188687,0.38556988462142106,0.19606935164736528,0.3969572558323118,0.25937189640639113,0.21124095173526658,1.0,0.0735662484541344,0.34606474431166845,0.25388092817688035,0.3692931032069515,0.2888323132982571,0.23500086483608829,0.33048246344087095,0.3759634892098114,0.26014024599913976,0.05644180184327385,0.014209131735398395,0.31589954343233817,0.13022898973785568,0.31042425554921427,0.15385520355066973,0.21905483052950991,0.15714254235057135,0.5644345067061204,0.18742631986294278,0.2006629411604185,0.3364344949088276,0.1486785505733943,0.4650325108092528,0.25128426576191565,0.31385949820328385,0.2931328903867162,0.19264275516553375,0.2763943164877396,0.31333773584648517,0.10213980752249263,0.281081506918623,0.16771573584981314,0.22058938208106837,0.33505963531161687,0.24209955065152577,0.09994525038851776,0.22832102722503023,0.05549233558230826,0.27076493557898096,0.2949843413599875,0.2385627613743201,0.31544766852414985,0.041906753592113044,0.35377171393314,0.3171397461842216,0.12715155666480182,0.32245473647742795,0.32245473647742795,0.36558544958524664,0.2773094894224659,0.2099301853920148,0.11541832389346096,0.27816963761254776,0.2843550566255618,0.2866298640394003,0.3000300359129817,0.2909287664561734,0.2015487626909196,0.24207931136979288,0.3109626689041505,0.04093417045333658,0.3176695776485752,0.3024314109743813,0.24327255274490223,0.3060832712277527,0.3336474882547731,0.4017509483317998,0.2317145182851621,0.11479197439155098,0.2974126294543712,0.17485399580945604,0.28697540423543466,0.2432753821793786,0.25324498480756075,0.1196516190803244,0.1329738180665757,0.1640023990370546,0.037483112684449815,0.23461167524990423,0.11803776291452084,0.32717017075146315,0.24881856087402454,0.2066269284281349,0.38575144687630303,0.3142213808779325,0.08615365562610555,0.15964475100989406,0.09236695489099489,0.1425976286042664,0.3424215267238986,0.1746199322045603,0.358889497365698,0.3395808202973394,0.28381185951573407,0.3001232365483888,0.21767845348019188,0.15718560455323538,0.3278655031521356,0.3250164398132843,0.33320466207170896,0.29047068870659076,0.23975620503026263,0.2037003156060968,0.31564094781075525,0.27766019742558057,0.26905522483894617,0.17716770889531774,0.18341993158737013,0.32113665492403043,0.3395002500848856,0.09595718326891267,0.3089719782309063,0.2608832342606804,0.23552948684571118,0.14584198129803172,0.1513500208676124,0.26583681344857,0.31547490883663265,0.26817543196644955,0.3141366480404344,0.1949222948574736,0.05976941314852291,0.11275103091303784,0.12151495720415872,0.14400418983982866,0.11791969881661801,0.20271817810775217,0.25208769917703067,0.28286754522897395,0.3213845681477193,0.28321709746376444,0.17324047930223507,0.2862101205398274,0.364069153236794,0.3198722193794966,0.3958118526655413,0.6927524243161916,0.17589020390843702,0.060899324385859765,0.31697249261859684,0.2241669468814257,0.27710827796770654,0.1165859253020074,0.29810712685799423,0.2165172642456833,0.06333732474998421,0.25293192239690854,0.2804930244819186,0.14985479443270966,0.22321759579344125,0.30554408818267753,0.14724925181374138,0.32648012956297023,0.2867884009351982,0.09597168422940361,0.1495164321940623,0.1159625348394826,0.09957572029577788,0.1316082408567899
