0.9999999999999998,0.24685196426899592,0.258326742702897,0.23020814425063074,0.34372484472619447,0.3434939878399763,0.22326670431582918,0.18037592064602126,0.12448367495509183,0.2337247244679692,0.29009877378945603,0.3074082331371504,0.3059806262006989,0.32175315394707704,0.3347807599241437,0.20158757134066763,0.27936904960988307,0.11661990108123621,0.1663691624882664,0.09646077589346602,0.15696886315406877,0.35119864354433017,0.24385590433038629,0.2189017234377525,0.3483372843852288,0.39557511572275295,0.12053176084005712,0.16383741778837302,0.19846960433912209,0.10017503832185093,0.21063003247389822,0.14642157837205316,0.13776995549940185,0.09522395681458384,0.2908331574102161,0.2983296500986181,0.33372625993785765,0.2856150231919199,0.2244034742837131,0.23357910379034985,0.31191869962948704,0.1415132395648736,0.2679636369319368,0.205161990408381,0.32537915911357906,0.1703218233329864,0.23986280518906422,0.2750676873461101,0.2590039864168041,0.350279525337833,0.29813567237233896,0.23910748205139787,0.0775008742599943,0.3433553868310075,0.15187086253416948,0.3908403642402367,0.19902520793986067,0.08985796615841812,0.12948586646975724,0.16985769273552243,0.34267087253022543,0.3603724361601296,0.25151773203723216,0.19963214994899237,0.23040852072687779,0.26462315609093334,0.09115286537838363,0.09702092423381548,0.339743468788109,0.3468009187137955,0.362346774522019,0.29774469067328635,0.2245952154996016,0.43057140836078345,0.2918906394684202,0.18117414973563806,0.20129650077014372,0.3085168999044121,0.28813338473614236,0.4255332045831586,0.33139171647228427,0.23353257342022804,0.18857619654478552,0.14635878646396072,0.19482345016189084,0.15195708991089696,0.19085676772327764,0.1844286197146886,0.39671397156897503,0.23717424730784464,0.18951464120645878,0.30338165507429715,0.29813279248659696,0.034771230302329204,0.06037627064412998,0.2645151568334134,0.340582896563283,0.22872285937461034,0.1690887423208931,0.07678516432439952,0.10111785271127283,0.2784683480750879,0.48082877247182154,0.2968269338203312,0.35952002797368343,0.22235342247916423,0.3091168380874575,0.30531317492152277,0.14196951207653952,0.1238831237349114,0.20170896899759672,0.40940051318619164,0.10365770419085019,0.28742886824836544,0.1647300375353189,0.2251964348269312,0.24738984347412485,0.2113675825910054,0.17790740317358078,0.25294107403858823,0.1370906574377091,0.23617257368580025,0.32279563695557334,0.2280841123925832,0.182298247492931,0.2835261162863325,0.18819401586869422,0.22825654417486185,0.16540723314624273,0.04055954543682527,-0.05027089963376441,0.19883579059299727,0.24554438285838587,0.2755060610007749,0.2593790178382972,0.0843183211895766,0.2909791938643391,0.22947824675978135,0.21273350225280097,0.12466920788459146,0.22815458244365905,0.2013609397325542,0.09803803948176326,0.2661720195886532,0.1803144366479139,0.2627279149961278,0.12239519808927068,0.15951880273725816,0.13418132304241304,0.21732315841504146,0.16077528731932267,0.18999314937356404,0.24167744532537327,0.2051031405784669,0.10717447822032655,-0.014710925063197822,0.1858529379730789,0.33007074866368924,0.2155119240581853,0.36964286389108136,0.13365714274632934,0.2129602536448545,0.10195208986398785,0.27167781339207875,0.19509949702837348,0.14765318468834887,0.1188864826441508,0.23967348112120934,0.44049729228885337
0.24685196426899592,1.0,0.5589646478401298,0.2549478155668985,0.07957076939305807,0.2704361620545144,0.35112826527238195,0.323887662491958,0.17730057692751033,0.10613315238442023,0.32671598265233737,0.175171644561248,0.4381820535208022,0.3528583426496166,0.24167402064802468,0.3504953526395497,0.41494697325358265,0.18985409346076998,0.31175149618072795,0.06666136962845226,0.4443643229939599,0.39761301676471317,0.3778782935208791,0.3631544843608192,0.4034346617647606,0.23723533846090872,0.0705004610548734,0.12623020996079182,0.03451454273863952,0.3598203986332844,0.41756716407401895,0.23004627461018268,0.3052641081205305,0.1433669294312978,0.27687898965246727,0.09329815955564558,0.16098537841189164,0.3207603635659262,0.2689907766852284,0.3937632931568743,0.329088343782044,0.3758582246636528,0.3961275640838817,0.3275523552787304,0.42298931552605645,0.40119104017309104,0.1134277267926379,0.39846450932932365,0.2614798150494748,0.20131390910520075,0.22108353006044879,0.30731928591445423,0.30868893779624706,0.3197272498466657,0.11078475535694254,0.39465312371343,0.20863101733147682,0.2868971665946837,0.1730558011425185,0.24259650487690654,0.48808460001501053,0.44047921073969365,0.2888357914569266,0.641446371955708,0.20127366733912966,0.4017148862334603,0.12791326680035797,0.3559019730443129,0.37805274247797205,0.2427242717576018,0.3517298861493783,0.3815565898776857,0.6169882232576953,0.23980154187851443,0.3083654004841685,0.10854368002771486,0.102012431331723,0.4203859241881356,0.2816732009256162,0.4746047297375118,0.44529651258429825,0.24605775826809118,0.3006551223042586,0.40083530960903024,0.3679081974962818,0.2950084610642296,0.33901158242478835,0.08741844454849712,0.21278555271877675,0.12117808185276024,0.3917815833095595,0.012744204695740002,0.37481915946251054,0.2790906385876468,0.31817115229015047,0.3234415671285946,0.27234077445762206,0.3368944696918783,0.6003179433817496,0.21965137167733162,0.3659631474527356,0.38556917332543184,0.42458531719109605,0.2205134815522165,0.459225266209651,0.3680246139603036,0.22276193687736345,0.3037064060609369,0.33242055319487385,0.3448155205977901,0.21324676717035607,0.27788353188310566,0.16997248274242516,0.3149463863758427,0.3222555633757267,0.34913336266449746,0.20580466419227783,0.24458067289950858,0.3156678839280662,0.32957500080399804,0.16548886887841463,0.5780889110071502,0.36804128765234456,0.2567864178161102,0.2629165664575772,0.23286943212668787,0.40890538010025934,0.10453085558026887,0.19423643190524909,0.12890694158732807,0.05739036696694011,0.13644481418238075,0.35957859681416515,0.45405020115534644,0.3195131456887843,0.12558053526128155,0.329102903734767,0.35132516015980375,0.09515553740596505,0.12099042252805547,0.2495894631473765,0.32753110174376876,0.08269082581021459,0.3668468724133763,0.11584604170864443,0.3529847400511834,0.17729944528212782,0.22186361717068848,0.2795152165943544,0.3231682168128509,0.27181760753557127,0.363608718249696,0.35794070639903275,0.21132225482523326,0.2144027593431297,0.12092509638227078,0.3470522418489108,0.4649744622853207,0.3841014234800817,0.34544357922122404,0.2399751282625523,0.28140162470465757,0.2785854213488239,0.46069869356238224,0.40804761227229935,0.3794499810333456,0.3297439808090368,0.36419622330954193,0.35460752037715526
0.258326742702897,0.5589646478401298,1.0,0.26397543802011925,0.06893409831468378,0.3884101092795227,0.32113624766519255,0.32742472930778965,0.2437151385372074,0.1546650749465459,0.3645035246440713,0.20354023372665042,0.31279366306777323,0.3532571255965449,0.34354921289211804,0.2789991982656619,0.42568309777334223,0.23886481232500234,0.3408857678404563,0.1272812397603058,0.34332887016657465,0.40271290694691764,0.4041291319230288,0.31209706120540803,0.3988513959029272,0.2935139521522483,0.12845814545858536,0.25183792673595995,0.043741555458619796,0.38494179615284607,0.3618077845899721,0.25436549247461526,0.21425894572663862,0.3879532057548545,0.42452954931439835,0.15064748898414237,0.22699182268516882,0.31461645039605246,0.3029467889242725,0.29687323511660413,0.34558844969804414,0.20563641630850316,0.3801630256462971,0.43550858446726926,0.48094793679784287,0.3793794971828801,0.12356493277015956,0.38605078600259213,0.3424797615463657,0.25103163125448125,0.23991458221898454,0.2826955806227649,0.24370717853251023,0.33451092498709856,0.19795733510198998,0.37437175794669386,0.2278636861668103,0.26713823509549517,0.22518463481043005,0.23747929387212452,0.48218271022686987,0.3604155437966905,0.34567929631776617,0.2559936343029121,0.309705253214249,0.32576675354017093,0.19495513003655263,0.19564912250883126,0.4163263913125054,0.2779574368512342,0.45802694443030967,0.3493117074215353,0.2899972573259697,0.30597235679941237,0.3559578403518847,0.16135389005762768,0.14671951384435822,0.32419498541559233,0.26385875351213417,0.5079700379106237,0.4260132950043347,0.3116696546727771,0.3524091139333243,0.3826007078488276,0.47251150354272276,0.29257708987039166,0.22894559684467264,0.1782829052384376,0.2539539678193512,0.14756994874171903,0.4186792595810215,0.11974701013895972,0.30836798421527234,0.26268610777632895,0.24557503728226648,0.2968744164688516,0.3311883356768055,0.40336281064076684,0.235481285976883,0.29008586262758285,0.37640037982614694,0.39701869753942165,0.3519392766952635,0.28257174742071556,0.35936298608633477,0.28559153434622186,0.32016542110931523,0.2746283744289598,0.3676824177148611,0.2540898783915664,0.25898252721279436,0.32812956929477766,0.25430936734040843,0.3429515101060747,0.36672694162829267,0.40901585335736634,0.3064151366472888,0.2759529663571276,0.2455847982290711,0.40932789461263885,0.1255448094357211,0.28891260325716717,0.37974955217158546,0.2679655577701482,0.3238583633157054,0.32801472884971394,0.3213046215770423,0.14908399191704447,0.28079491607522233,0.17712835188042186,0.1365159924712973,0.23123715841623593,0.26853362719505647,0.34269705259868677,0.22895257093367616,0.2677988760379978,0.335961223170706,0.31348431911701313,0.1124723394941709,0.164635004183608,0.2230596457103049,0.31691315062792147,0.1128682003267667,0.3147179337754862,0.15983214768174303,0.3224466778047834,0.2917289621055629,0.48284468215856235,0.7242274677463422,0.36071040750181926,0.22917175357145358,0.37909829503692927,0.3454665568932036,0.26628991823420445,0.2555976490906682,0.24881365840061465,0.3802750317086273,0.46256143372049496,0.38350255040271564,0.39467028465520215,0.31683007297858756,0.3025399909619202,0.28373531890675974,0.43525540911563776,0.3976733558939308,0.39729472074867234,0.3389819866008885,0.3235699296363207,0.34158242330256616
0.23020814425063074,0.2549478155668985,0.26397543802011925,1.0,0.36890308642618796,0.27629226196734447,0.22055639101721836,0.25802021497605,0.20673191851850237,0.3774224189176727,0.27529061537357735,0.42860842338610183,0.2242798248313338,0.3117051562637052,0.5002771074076342,0.11305405732525076,0.2687417238397172,0.10343787368689106,0.2113907366716914,0.1334512245382058,0.21597404992007618,0.32838860403968706,0.16429892023020864,0.2482914401913694,0.43935729597543594,0.3950478206550714,0.3944720064327404,0.42967058713948303,0.24485783843717424,0.2510564876412751,0.16759687643789545,0.18493457501048594,0.09891203180295194,0.11157758563076237,0.3174004517826621,0.3725879307221951,0.4829413325683397,0.2837921020393577,0.25873141058787286,0.25959614965610767,0.2798303761678729,0.17554402458714669,0.24292470330341198,0.3530296321397586,0.33874028357226593,0.2818497802083313,0.13620672176655213,0.32199893784898026,0.39993954113326746,0.40878450300667946,0.3803904359109127,0.1633909318403287,0.14921760816901708,0.2842877084409001,0.3005999293401702,0.4036944885973244,0.3594354939404798,0.17141583665687166,0.28551766395978895,0.36258330127287697,0.33780105976111885,0.3691305289902609,0.3128203120698043,0.3333641361460027,0.2811471788129929,0.264692435726972,0.35826965665116484,0.10663743537890658,0.40578265241658973,0.3026432200604846,0.21815821939189595,0.2894560985054606,0.3603530291561534,0.4092268453594178,0.2898482125013254,0.23455558417183897,0.3817418991366781,0.25837034060534636,0.41830262675045904,0.4180430619501784,0.4243139120103546,0.1463093302485854,0.28246760498237866,0.2359779271919833,0.26363910100061916,0.20051845004927238,0.19757661827222173,0.3789718493470754,0.4311306874716636,0.4035620615285691,0.2457433907921952,0.3169362698038649,0.2657451936626546,0.22880072408331653,0.20796003411616548,0.3152851755127195,0.3153516115510706,0.20324192104284822,0.21999875170332073,0.3258582887589987,0.2028443444598499,0.18875234692169607,0.3286221681178805,0.2063009878748987,0.3711312341369748,0.231930903431098,0.40213534318367405,0.28706133602833783,0.14544859425542334,0.08469475447221031,0.22444744308332198,0.4364618809309452,0.1694682884266322,0.2940252695681368,0.2770576634831624,0.30841858454168447,0.45349085349735874,0.2509812202874725,0.2527219580461031,0.20463383421733428,0.10965191536042929,0.2928391901964601,0.20458042876630267,0.04452321927832348,0.25495513165090256,0.3140408332298139,0.22552452236227316,0.33455842289213633,0.3543801932116135,0.32717226596336446,0.1608626474562599,0.41351489986319945,0.10345598480932816,0.30437813025970595,0.24008283922575013,0.10391931547629363,0.38072372571712343,0.14843111045276247,0.4198992104821122,0.3543423772324541,0.25770646440735234,0.2243413828749622,0.42225006704349843,0.3221701339127331,0.40810960259107654,0.3027433945048338,0.2930839123753194,0.22223838995543221,0.23869496216620112,0.19292391783491747,0.18424822973644295,0.22763356435806503,0.3152520680558454,0.4093069509186481,0.28030339470768695,0.37138632758781953,0.1606021004276681,0.41004788355915456,0.17624834907134734,0.44483552046233965,0.13092777207715223,0.2034171003810875,0.1502936699798164,0.2722017895348423,0.20026237317109685,0.21417000484555726,0.28734358529423765,0.25529616012223133,0.41545332838247995
0.34372484472619447,0.07957076939305807,0.06893409831468378,0.36890308642618796,0.9999999999999998,0.3432411310699892,0.11688247414936137,0.14166503013605747,0.11732774409189395,0.4910104799094588,0.23853823079229242,0.5205334364183708,0.19441027171857406,0.2584352115253832,0.49372412789293696,0.09712895031001967,0.26903275313879005,0.14024834704871814,0.1178763605918891,0.14378822870556274,0.11262307717905917,0.37967996197895326,0.13709025949240727,0.1414055419986,0.4207693874323537,0.39042648655146317,0.40613725687517677,0.3761960184637523,0.4515674796318282,0.21952183677595383,0.2388043932521906,0.12369743544424838,0.13634556000606546,0.1607942534355833,0.27089751882585555,0.5575456875511393,0.5574232425663411,0.22715130596931843,0.1085217206232304,0.1742940105779176,0.35425155184366164,0.1788885329932446,0.15572573707472448,0.09731420963050641,0.35984698041340824,0.15320509577611618,0.15388075067496199,0.33064110121903223,0.40989725351292217,0.49755813776134905,0.37100368299653974,0.1266770169733059,0.11909591297728228,0.4666208733070939,0.3726065951792613,0.3822128289295852,0.4364442558383348,0.21887232571348392,0.2567711565235493,0.4408727918870494,0.35626176084061134,0.4003747549178911,0.3003260334712716,0.21540482809893513,0.34810014955109003,0.2455552983843311,0.42981745397555404,0.11290390132133132,0.40529417705997783,0.48125799930443636,0.32025967169539826,0.374023602856109,0.3315056069586968,0.4696161622639128,0.09571075060910528,0.36635010695054726,0.4525568841918943,0.2569316252273064,0.42938739943191595,0.31952168971063566,0.2855596188463705,0.16646517841381692,0.16990241452072952,0.11146189937645756,0.25935002127839624,0.17463566857105395,0.07802161071418878,0.43943945434108866,0.5034545549143715,0.38054929162928586,0.196191592191846,0.33932563304035956,0.33285484857114067,0.13632935452102668,0.11561413327307202,0.23795242803477468,0.3013215018469806,0.1996246248163963,0.1250253570253418,0.32539007640146156,0.1622273202533946,0.10378045619050658,0.4347377930330394,0.3260597439901076,0.3295016994176516,0.26559110023506327,0.43302643335216207,0.3954895834368387,0.07821677910586322,-0.004277090124417349,0.10467884033369934,0.4977309107883765,0.15937837106387553,0.13374413457586287,0.18386605334113737,0.18684530352587503,0.33607376294124425,0.2047017274497016,0.12890520534688354,0.14820700026203038,0.14373000734913188,0.14049127606933987,0.18775739977523687,0.2534562518968413,0.2939782756136273,0.3148866581687966,0.193724311068182,0.45804685864825756,0.41561589405385735,0.37354458305991,0.26066915239619803,0.4060534460728913,0.05909562922020983,0.29357413247871866,0.2066432229755747,0.05901549845070819,0.40706933636395504,0.09958255283767714,0.39382044179933606,0.39616380007580854,0.41018607647643135,0.10736259314543961,0.388256420799467,0.24961249051257883,0.4716689218054002,0.3620795141081936,0.21061108289528985,0.1583509267950053,0.1595212600893373,0.15729353707579197,0.25972649540600534,0.09719957083938269,0.15563016968271914,0.3902145038734537,0.1974286074428393,0.3477179262085155,0.0659591250657483,0.33701226813087026,0.21782743878806488,0.4969332902332064,0.0833353334293877,0.1221748858700773,0.15886599287170877,0.2238972052096726,0.07342723087072811,0.07335269611589079,0.216412501141533,0.16945824098623752,0.3725334975905552
0.3434939878399763,0.2704361620545144,0.3884101092795227,0.27629226196734447,0.3432411310699892,1.0,0.24245826178094054,0.30012743580481427,0.20539003401252254,0.43558005343716477,0.4705725130181776,0.3548076368118097,0.3821553346176185,0.45571472006676084,0.4028433501514552,0.3040572085005986,0.44314967819746265,0.23103901688818673,0.24815976444706944,0.11240554693284177,0.21883953293021918,0.4836610913389481,0.3677586799428004,0.3527447882599638,0.4826139869665783,0.3885695364730657,0.2535649264241504,0.23036634319719662,0.1740519662264095,0.33110043126343003,0.36615011816260623,0.27818857374262385,0.3037244934047205,0.18307890996975285,0.4397721297891878,0.2570067978866093,0.3182220134941399,0.3559996419730058,0.33439146286312194,0.3724848221993232,0.4694306568834503,0.29619045769408037,0.3895862359039374,0.394190655835138,0.551657192454848,0.40965129267631784,0.24002751745746997,0.5519982223595516,0.4254436411099696,0.46053925820274577,0.2524180675648644,0.22348277015977724,0.2823961415566263,0.4534688786448279,0.2559148088793124,0.45554782285259776,0.26666675887790103,0.4292474448733915,0.23586100786828346,0.31060036166869065,0.511926570518787,0.4470486262382999,0.39359439554843634,0.24946067503306424,0.3799164136360711,0.3967296161903273,0.2615030933713748,0.3237635190737287,0.5345061238533165,0.4911991576897261,0.43643902064246287,0.49123824867374954,0.37237858109775357,0.4208800471909321,0.5080459811411362,0.39693115713810023,0.30300781809064914,0.4627064501679016,0.3759744339647676,0.5317010607883397,0.4921849809556097,0.3118008814666462,0.38123978387638024,0.3572201638658017,0.42912939765256786,0.3352107759726759,0.29630406105630036,0.18344327213901523,0.44373278659535087,0.2750452543647417,0.281114158031898,0.29039116948039745,0.5643782760611837,0.29063065822115264,0.3135977215370537,0.3846555212097007,0.48348622365953786,0.4293205685631113,0.17745467215446065,0.3451388517772602,0.37753245812695546,0.31694101725439505,0.47669010309057747,0.36337257493616937,0.4595510762307966,0.3721324109613269,0.3248888947591264,0.43949624358782047,0.2566925071489754,0.24508450351551037,0.11027156497362123,0.4779471159604468,0.17919622696178394,0.3930708860208776,0.33373276495093096,0.3246220427523743,0.4035797198311004,0.3863331775933443,0.3311397275841048,0.31852842414533955,0.14312934095631946,0.3060861965727133,0.3889472253499928,0.2346386500890394,0.19864705633049573,0.4009753418787281,0.38045642150811476,0.37374061064446584,0.3687481603306879,0.21502024361852967,0.13857250390852915,0.292295052259564,0.2757951728325012,0.43277853013046363,0.310156579917211,0.211228596144167,0.5220551308091138,0.22029623397938103,0.32264561775306877,0.18621535065784967,0.305133662584378,0.2521497348417405,0.29067667970773603,0.3318871677718881,0.2964385711396468,0.4033934017533424,0.31202416950771816,0.20278499674604045,0.38780685463133546,0.29298052916823625,0.25763653911465356,0.3640075818534705,0.32512903613980815,0.23865076146188602,0.2347028929038658,0.23917671955509245,0.36121514751842776,0.5657770629931465,0.40981528666921485,0.5626228670211146,0.2781885792685297,0.21176172487431044,0.13258593909881689,0.3760104824545234,0.2841407962023228,0.2804452107576936,0.18030415726945903,0.3654459815403607,0.5094190372799463
0.22326670431582918,0.35112826527238195,0.32113624766519255,0.22055639101721836,0.11688247414936137,0.24245826178094054,1.0,0.20222950291039254,0.2638526869809358,0.2166348209954767,0.24227545616182955,0.16488548640728595,0.25705550868012916,0.39249495472352813,0.2329745303592633,0.5319261338876563,0.26570376894238024,0.09127134039180318,0.29450001138305804,0.19317419102803468,0.29945077541157716,0.3378457754288344,0.36580590341812624,0.29297786151952354,0.24622415765939054,0.2615943988822962,0.09743970365293164,0.23511558642604513,0.11831877867420193,0.32308333069528694,0.305804580002496,0.12501686530405354,0.03765165720330921,0.14812787583602538,0.26317969174317235,0.09237941004877359,0.12738581439866248,0.22133651190312564,0.2800915483635502,0.3013994968048317,0.26104902983079104,0.28411296752964277,0.5804243342366274,0.26823495322248336,0.35497164654619207,0.6293813000549381,0.19238246249598379,0.3084715008271154,0.2682907371277957,0.2631860224498346,0.29102378178897315,0.33175683919669663,0.23178101575228283,0.18250342255637264,0.14125425896710153,0.3715416397776734,0.25802125512868046,0.23364563877575262,0.29963574346123967,0.2763414645269815,0.3047914190835732,0.35521076365729554,0.28949187628526896,0.3955486994264412,0.14252265401085173,0.3050217969515072,0.16746445782615194,0.0684483284422126,0.3278481579769503,0.291779618239556,0.20120309918718726,0.30444593674120646,0.2692608855782178,0.22381269014021454,0.2742708805904439,0.17812590316443533,0.14365504098074677,0.2395461414272848,0.23693294936997833,0.4644240832078653,0.34962414993169977,0.30669290526512594,0.331649336359529,0.40558121593920315,0.3725865756473856,0.6406005582333788,0.481273658690762,0.21551293251891224,0.22214529298035324,0.2660548180179424,0.25112845209920365,0.18068785082413663,0.3311964169942001,0.20250051841564298,0.2056035602732973,0.19143244560340011,0.20431669155400156,0.3246925325033434,0.2618347331152835,0.3135686776385491,0.21845503017869494,0.27347915929005384,0.3412550577333764,0.21354816510410202,0.5037609320295868,0.27808454484743317,0.21444953440424985,0.3263400497957035,0.26124724177233216,0.16341020424585484,0.3707312811059844,0.29096742347257964,0.11445331452210306,0.23789325904386338,0.34325028099685007,0.37297561176325633,0.21492481522773166,0.2169749419650725,0.2304066721664546,0.33605591079077024,0.25608498897602305,0.39441147188659753,0.30055345539537637,0.25715322624795856,0.2563510661114661,0.33264906119005944,0.36649352929205836,0.10839006373877336,0.2132713975121996,0.12814440459268084,0.20073015076364809,0.18710542509333372,0.2772706452428537,0.29099913975865577,0.25471642253257554,0.18907572889555357,0.26701173016850954,0.5657359710670907,0.1783749614784772,0.17177388449158904,0.18708133502848523,0.16430072059160417,0.11474193140902766,0.35363906951981217,0.1436555231500145,0.29649497027093585,0.24293514873261168,0.32269954010511936,0.29371468742280626,0.28452682350627545,0.18537209612472616,0.5764555746079888,0.2574105782548177,0.20182795278258925,0.2945485187957846,0.1822685956860962,0.3570158609434042,0.40882558769436717,0.22883449497095687,0.3495631790490812,0.23900108769969663,0.17633956610857204,0.043464766490783346,0.2809760676446673,0.27292191563577306,0.18085684292237048,0.21521424570294745,0.5896214766443876,0.3170280385766109
0.18037592064602126,0.323887662491958,0.32742472930778965,0.25802021497605,0.14166503013605747,0.30012743580481427,0.20222950291039254,0.9999999999999998,0.2155969085956515,0.2197419984936273,0.3333748500029463,0.260545243206341,0.27178981533138513,0.34718399560287283,0.27567978370559465,0.20677471275122616,0.3164041780499962,0.14182146049769084,0.2581022325675073,0.08459759000828526,0.34639472693143536,0.30796064542154855,0.38373173266369176,0.30869515166545614,0.3857705422071086,0.17760081634185654,0.2689388111162838,0.21419474068600386,0.09721641183994567,0.2952509675214454,0.26269533964695246,0.2918479953536324,0.12525630799581633,0.1975612940013598,0.33581231504268183,0.20411945214356175,0.2028235881814805,0.30266385075633884,0.2779564991727189,0.31070565822971075,0.35417549848612895,0.17960466489180882,0.3327353590246065,0.22014071697774396,0.4337278432837617,0.31091903319500536,0.10247316915817173,0.31605107469592797,0.283626299540121,0.1875133199422675,0.21598996873648635,0.2165892244569072,0.17722606536403462,0.3394042095477351,0.33380142088012765,0.3111623601017711,0.14071601824783453,0.341992731796972,0.1548104444993561,0.20983487097182496,0.35345431898105995,0.33299248782223767,0.3949286524705329,0.33035183208116314,0.20088824223905244,0.21941114943077178,0.2155237800474572,0.1646559341618561,0.34117420668297027,0.2203547593506543,0.32734615590231564,0.2992748706594388,0.3000088591602088,0.23092286593207312,0.3115244426289965,0.1706577969020443,0.3438321363576202,0.3424306870650684,0.31965078333939656,0.34271150991823884,0.3346150999861759,0.2235698458999592,0.31583953410650023,0.2722176181203074,0.2667729309217658,0.2950095100510288,0.18840704655600504,0.18438122773866084,0.24602072418032184,0.10257202581359726,0.26239550762807273,0.18627765415740116,0.32143387300882087,0.15008826067214898,0.1543178999591659,0.3271362634099977,0.2718356564999693,0.43647379160133637,0.2755177817675929,0.18533526336910588,0.2197783123421413,0.33480608928322164,0.27612149409161957,0.32180297174063055,0.3969168268079595,0.3329323242939861,0.2392562653834457,0.2785054618065209,0.2017268975133466,0.17488671417036317,0.24048274985992357,0.3280074957910999,0.17450762485076998,0.2349916605277883,0.370399584489425,0.32273502677597943,0.2344825730124933,0.20223910365151765,0.2236336709023541,0.3091261096435671,0.1957399416951202,0.3395481430650895,0.22431752587843778,0.16303071139559688,0.3314110475198302,0.3603588629968797,0.2856493378462639,0.28649073823543936,0.21711987023017265,0.10517990207610417,0.08541499983971024,0.26579410597225706,0.174143953589181,0.32032302081637254,0.1832321410812049,0.10442148257790485,0.37432670684935987,0.21341831690454605,0.2063108610821468,0.2158949435939176,0.25343772326021385,0.24186091151574995,0.20555998102200335,0.22118135260901162,0.24054914030022934,0.2255585817192869,0.3099883142077813,0.26914750448126556,0.3403051653476865,0.1828864877555164,0.27331788530024226,0.29577742670976936,0.26022711665892717,0.3064378885816399,0.17773613732184734,0.2277416762707164,0.19638550382891717,0.45493558504145737,0.2320298203673461,0.36927192234791706,0.14263855373099565,0.14745154681242834,0.13472287224513446,0.25412459203978377,0.24068918221421753,0.2056591629569381,0.19485650880282723,0.29902515336995217,0.4113725237449073
0.12448367495509183,0.17730057692751033,0.2437151385372074,0.20673191851850237,0.11732774409189395,0.20539003401252254,0.2638526869809358,0.2155969085956515,1.0,0.12545867044991543,0.1478063835869866,0.16161732836935938,0.22920645457117128,0.20942684398701727,0.2686845991596737,0.2326001846399246,0.17508394703927033,0.29469783728426147,0.3718133775171807,0.118809468017541,0.2760047827359673,0.2352419932052079,0.26650650868075076,0.24706973331184223,0.13454303211401952,0.31416373787688,0.18485510438529906,0.23130692033143474,0.041024138961519796,0.2948861256543327,0.2132585492965432,0.20427454927570377,0.1475235115290625,0.16754142234541347,0.24047588399723252,0.09189443819656884,0.16983626633375204,0.22937062747906056,0.3729686722359009,0.2458227237934718,0.14937025734260367,0.1724577777954568,0.31070013795901463,0.1844892019023211,0.14953709727591213,0.30992764876698686,0.3285689047709628,0.32520546817915785,0.19064535684022443,0.19256667592399201,0.18801027500886303,0.27535682954281016,0.20385227309828713,0.15468618238491316,0.27725629452654943,0.22113089383214934,0.2183953300983461,0.217745615661194,0.3348130765812902,0.17470920857539818,0.2010794258385522,0.37137073947250543,0.24154366424210338,0.19189285794075106,0.08620310578357193,0.1672336688964654,0.1537417449001337,0.16219449974858924,0.20668831592695425,0.17425844650333788,0.1384156627520703,0.1774055738639394,0.17349259507804105,0.14455880336716376,0.286390640429952,0.1902432227005011,0.11871754354337227,0.2737414054562467,0.23125887810112777,0.3398118831751492,0.3134484631099761,0.14861961472387863,0.2382851110018689,0.27283240757218863,0.21820915476051472,0.2805402212223731,0.2710033534318813,0.20213793273382696,0.2947870909175765,0.2423509786967467,0.17758503232079748,0.15956861746882645,0.16269822644026433,0.1733622527016423,0.35892072848552625,0.2657931261587554,0.22574665217016987,0.2092543810490991,0.22889551945451247,0.1759410471564361,0.24534476871260136,0.2514448226690398,0.20999114911393435,0.21220075041000408,0.2688492820757924,0.20139476383057597,0.22592863443897326,0.09995167594625842,0.1846156971683639,0.2220479555811048,0.3060872711516456,0.15980222450867176,0.2886731307124184,0.17211123449714927,0.33664752639687445,0.33885700900136717,0.19666767067329283,0.18100416117821172,0.26327033266313704,0.24587868190061357,0.23308089253606468,0.1503768512303687,0.19965993712261887,0.25232540917131796,0.16088335365367767,0.20518521538534518,0.22632116678734404,0.11037071295049417,0.2845494332223141,0.27484511391811406,0.20811581224213183,0.20162571305704524,0.2111159654418827,0.15365685527143635,0.31777690764498356,0.2967559660967731,0.13943062497649716,0.31817770732154727,0.08472810898265648,0.2135495462373066,0.12725032830401894,0.5586149588610192,0.14932914072242132,0.2369848864613575,0.10734308761380307,0.13014474250532304,0.10977401120363572,0.1901907613889059,0.22053859396485043,0.20426334185638984,0.2270572956828646,0.2997540683365544,0.26059603951090005,0.2223357307175795,0.32624150071505664,0.18286589978951096,0.19556354339502435,0.27553230521365246,0.13723622204692032,0.2570564268231751,0.38056939142788193,0.2146298956993612,0.06593448932297075,0.1696711777223805,0.1866199713687149,0.1939256452076885,0.1687104219856672,0.2961806667968244,0.15078296369258826
0.2337247244679692,0.10613315238442023,0.1546650749465459,0.3774224189176727,0.4910104799094588,0.43558005343716477,0.2166348209954767,0.2197419984936273,0.12545867044991543,1.0,0.18812880662050024,0.48595254464970394,0.20125187237833275,0.20267104469520925,0.4772838526947878,0.18656903629703137,0.2542580880495454,0.11394162987062584,0.11295982745597355,0.14744003170208553,0.12449586008367142,0.3954036110577368,0.1558174595299422,0.18217575923905605,0.4275586300840709,0.31326242507355806,0.49992333488921714,0.40928348673991966,0.4838754531591256,0.326113175195329,0.17216778553516088,0.15806758370801366,0.09567250332884147,0.05305622242897101,0.3042198770786819,0.47352389489877544,0.4608541597773368,0.2702291464797746,0.15007313070366046,0.22830461783912415,0.35276108794274186,0.12032954066449131,0.2106363006115166,0.219576235821334,0.35022249545911344,0.28871845862816525,0.2316378120821152,0.30939625443793617,0.33607030210172883,0.4388157442179079,0.392333133587212,0.15111050497267875,0.16203484657169986,0.3655041507816993,0.41330535305581506,0.3503242138272903,0.3664842553489762,0.27537173754637845,0.27588823430073206,0.4771558218269403,0.25256790489972625,0.3691886652749252,0.25894464322664756,0.2859199721317831,0.2620263492271272,0.18700792677061673,0.46991021490926377,0.1590024933468953,0.3744840460800274,0.42290861271900204,0.23420056589977578,0.36454232955685506,0.33005127483796226,0.33910787958440225,0.17015774372231485,0.42242889436372444,0.5928637528432711,0.2542836310571215,0.43096753343901006,0.40419220455777616,0.21889084169328765,0.12355830385860489,0.3142502879005632,0.30841142035905034,0.2940089295237407,0.3692149771105,0.205183315278186,0.43074250908015244,0.43024433766634207,0.48810807963426806,0.2680130630990025,0.3663656158710187,0.3607292975536688,0.19421710367224543,0.1646952581187684,0.24277209570877112,0.3276744255580084,0.2607304743963905,0.06725103000729804,0.3755184954194397,0.19755623315525872,0.09756464200053283,0.37350269294584715,0.25104965140056157,0.4190682954004482,0.2611445116915263,0.3965874065193993,0.33848191335962596,0.1591327466718475,0.040178657890885705,0.1221810372090375,0.46781655067831895,0.212789889565988,0.1572732510396102,0.26434244395000983,0.22230119301709916,0.34570131747008503,0.178168385277087,0.26523079563398455,0.1458974889477933,0.13045952509274816,0.15998092631310734,0.21948197821277327,0.14667674959966226,0.30093077774006094,0.47545901788638556,0.17178976840039462,0.4929014048595298,0.36537547619456723,0.38572788109221556,0.22739151147058267,0.5441094044816408,0.12671603062513204,0.2638252620243895,0.22445330088546567,0.15591078851231444,0.522602480548964,0.12905161623633887,0.47560341381910975,0.4822935569299409,0.2965200283225373,0.09356440817617118,0.4253314933950101,0.23298023170539306,0.5252093061008077,0.3567060714809487,0.28405906061267516,0.26494668968335444,0.27344888057521377,0.1869101586444477,0.26607872333276306,0.21843392214506385,0.15997262579934346,0.4301076390691423,0.18955371077163452,0.4909318752474119,0.17068613471496907,0.4000875037765048,0.28240328348855126,0.4943413049397397,0.1443872294013394,0.20062646794713523,0.11230568356334425,0.2245512997162845,0.17218005588762408,0.09832130382040905,0.290500216641986,0.17537568816260474,0.31631541113618145
0.29009877378945603,0.32671598265233737,0.3645035246440713,0.27529061537357735,0.23853823079229242,0.4705725130181776,0.24227545616182955,0.3333748500029463,0.1478063835869866,0.18812880662050024,0.9999999999999998,0.1820304944667721,0.49919473339279796,0.4521910865273704,0.17170417817729056,0.25070074605147297,0.4009841276110516,0.09475738796516209,0.26798763580992246,0.14477398550000253,0.3279111100030736,0.5331563778538131,0.2810757874760488,0.27750074609785635,0.3567546239926844,0.24981503723627374,0.16243824976745458,0.1929560113134724,0.052203648290084836,0.30276442705448736,0.34706432684869504,0.2041548766810557,0.13813283201786408,0.1212537292023258,0.3528423204913369,0.17801942350847932,0.22875706906923,0.2095965699025818,0.3013047814051508,0.3558071460397534,0.3957192510707206,0.2010320418309921,0.446930753925346,0.3928867402897458,0.49013816512222663,0.4267046332688227,0.1977006085087012,0.41576600120732476,0.49096286139414436,0.25542623391158725,0.28622463851554847,0.24636592807648072,0.25825508060213,0.38259741414359083,0.2725739093951618,0.33291772508524464,0.25017023498790536,0.29804943562213193,0.1541821872197069,0.23671677279586179,0.5275360520701046,0.32236879689589837,0.37120302262654903,0.30864448710511805,0.41095847394835605,0.31556575983093893,0.2776335227326172,0.23215214231990733,0.4271511833794408,0.3225656182716983,0.26764763654372814,0.44360191462511844,0.24217934848100486,0.24073491291079918,0.35518824962262974,0.24779098077260864,0.2682318228264742,0.420982819317715,0.39145214287413,0.4354040987192497,0.4147627754133185,0.22186762493089618,0.2794487594868089,0.3374213991325662,0.44177683280486324,0.24012607472397896,0.30484660443261324,0.26282567279276847,0.376800908077223,0.22676607668146942,0.2661529997437946,0.15586260299050148,0.38062413860483746,0.16381468558011159,0.1797519574688603,0.3247936453803637,0.35132154510164115,0.33731887371308766,0.2883094752206239,0.27309605360622524,0.36369989552269066,0.2882407875069063,0.43034520591468073,0.20757404861300977,0.4442382174208468,0.31842093283338335,0.26142103546510964,0.34234502741950856,0.19030588142600458,0.20416732597300324,0.22640367344085155,0.2577478180707178,0.12426323800963557,0.3447893914543848,0.30537051201598486,0.31125896482486404,0.32424542741603335,0.372524454740898,0.2654377721448473,0.3305102428729173,0.10016432448187607,0.40619683912908267,0.3147889521288262,0.2708052604016904,0.20779789091229883,0.337507628774522,0.3037895748137671,0.2491691794634685,0.24165072631114515,0.09840375301035431,0.025384498385943366,0.25939795299685686,0.23005759576902574,0.3019569031875673,0.31935512313251324,0.13654075708188929,0.5041299089873822,0.23747877614150703,0.16789480429670112,0.1337587040791589,0.40214802598021104,0.25230958506263046,0.154522609514827,0.24850796665617536,0.17013855077167528,0.27422728571091115,0.3448547822589165,0.23850283263535754,0.2565788199104049,0.25980414564766385,0.14986538062051102,0.313027856007809,0.3897694324684332,0.17085776420001408,0.18128173865534092,0.1458908185339849,0.3311436234958376,0.4671813031392945,0.364751415318445,0.4734759209893016,0.2540606129410026,0.21062693380201325,0.11912072348761937,0.37936067948668184,0.2718039578236471,0.34991220537540224,0.2099313391009181,0.416885021892197,0.41321767070370785
0.3074082331371504,0.175171644561248,0.20354023372665042,0.42860842338610183,0.5205334364183708,0.3548076368118097,0.16488548640728595,0.260545243206341,0.16161732836935938,0.48595254464970394,0.1820304944667721,0.9999999999999998,0.23259049937803167,0.1897540259156698,0.46977505051521695,0.1610214387906066,0.1999042760213392,0.08468278704310184,0.14330471125445077,0.18994346402274254,0.12588442999118588,0.28488711429938507,0.2218909576291338,0.08894390738567859,0.47061492248474657,0.41993358385013,0.4011826991864713,0.4172770754060572,0.41342589652552153,0.23118920988734948,0.19859705550182594,0.13550575073877313,0.1433914916698319,0.16466304703365475,0.2386798780002759,0.5120079737082416,0.47925199232309845,0.24665274722528985,0.1498948998505767,0.17605967211377227,0.3508133555355927,0.22180854307251308,0.20340039754786354,0.17350567736682743,0.34399633859543766,0.2474122827779639,0.11077733594205463,0.3381536038979156,0.4504861153136466,0.4251017563545634,0.38527917746225704,0.09488000164890642,0.113296158358001,0.4450910511920301,0.3026257267606527,0.37736560111127937,0.37657197126533015,0.25232510948608433,0.24983265537670962,0.39842697627486867,0.29813692041458795,0.3396281831790915,0.2765242178108629,0.2892456298782443,0.2699447889754356,0.16966799992339987,0.39961398286811045,0.09694426113991306,0.4033763794770622,0.4800345426738134,0.3373761301512386,0.3125168394292037,0.36061667655992014,0.4199403994271751,0.13585712329894528,0.38686595413595515,0.4317974622796932,0.29889058968361226,0.346229499540867,0.27764166232464826,0.31623837797232146,0.11125405351426387,0.12413551097304698,0.24063012973764808,0.2755903198751367,0.2646934314440792,0.16016924682020905,0.3518400409673603,0.392736472038676,0.3949902508525649,0.2551881035501855,0.29179533459692897,0.27590715775666386,0.16653119039654551,0.18394483598123557,0.2081050300152416,0.32336077317380996,0.24026299743596102,0.1547757547863492,0.3211091620941222,0.18162797984880208,0.1148067972825616,0.3847067211002957,0.30283251819909573,0.3302764572635529,0.32439047212624317,0.4066825886859551,0.22481110681934502,0.05504706329482423,-0.03289525947057226,0.16289276271230269,0.48587215863785504,0.14683262129596852,0.20052525948497713,0.22221521885670603,0.20359288426593747,0.42488917323955877,0.297262654843248,0.16329793030587225,0.1421754917304876,0.03549210199910158,0.19958109668071322,0.12037042773842554,0.11763788178990442,0.24351358271585954,0.31606604615979506,0.17635102828909854,0.3962867542039843,0.2890975053274787,0.3809914958012961,0.20148157156002755,0.4513470085008311,0.07823320176076964,0.2980538552740769,0.12745436230123852,0.01110399018436714,0.4370778798974879,0.18034339128270727,0.34532365667492027,0.4262917981663157,0.31114101210586753,0.16035176019865183,0.3329195781463963,0.30837014023108567,0.47088573993241467,0.34735945273062807,0.23652170994694044,0.2561569082753785,0.2583162052408601,0.16430863960619624,0.2971413810043626,0.1791576747286805,0.15081315119280414,0.38499925032372584,0.22406673331425453,0.4008590016512448,0.12476678240066141,0.3945417309186997,0.23741405203237753,0.3880442915031621,0.13075399608821547,0.12461781774934189,0.12712202941909534,0.23500840382453925,0.07127518383967357,0.13412623308775262,0.2998674479711063,0.1497521018073359,0.3372882937203274
