1.0,0.5936042672347132,0.4008146187419518,0.3697015722778967,0.39713843170566965,0.33825601542288564,0.408781764098026,0.34099128533149214,0.38016700458131447,0.36970714534346727,0.12814491889653334,0.3430060175536642,0.21054749290090757,0.33951838869504025,0.4257765481572062,0.3087005965562697,0.31820269228501785,0.37243624332360525,0.1745538950759391,0.14610517291378988,0.1633564587286116,0.29968523386375423,0.47192826028376533,0.2913923534961598,0.3151076695273868,0.46030023576190127,0.24719468660135813,0.3709876733057439,0.1304292239683924,0.20089864366172394,0.28134026914357124,0.1605191853534238,0.12129850696159827,0.19483564200721437,0.20585416255703048,0.16685152817172288,0.32309587903066395,0.26097368880910476,0.2773021188423672,0.32675200902244106,0.24932957927735633,0.2671942738081412,0.35647830878002984,0.22633964311033172,0.2454094354580515,0.31990251880815923,0.2936861729469702,0.4104522128385739,0.19073369739575574,0.2281681505177564,0.06702725324800196,0.19427171268673193,0.2482897243439841,0.2662704743524211,0.26149137106620446,0.22406558332986592,0.09473959687537303,0.2155928088789073,0.3493952836758838,0.23644771894040528,0.38996146184116687,0.37218891152171574,0.29670008890984434,0.39454025818311134,0.2684849498657004,0.4773245820654992,0.45379799365624884,0.32290481112400216,0.4010327530601796,0.34949711128901817,0.3784439234053938,0.17791760773852783,0.15020836921776604,0.4293623448956946,0.4048768390099601,0.4046397155814039,0.206472649343574,0.49472648927910323,0.27652866574223145,0.3808573870365275,0.35855717958894273,0.3961187497228711,0.3916265797779086,0.25943820105561455,0.41046212562050144,0.24444445528070036,0.2592874367593121,0.3672432347849073,0.3724953001567526,0.3005523578431535,0.3636198584102639,0.3548957852236667,0.22316423797226004
0.5936042672347132,1.0,0.2878032837075408,0.26842024367809003,0.2921714251614679,0.292854165346639,0.3083477807039403,0.32725080257619377,0.317674555334331,0.24355526782841697,0.17453466624009506,0.23710701501749343,0.12068832693204412,0.2742620456144561,0.49793728031294004,0.23113990686329344,0.2779943288149378,0.24014111669795024,0.23637511719367543,0.20920135419869879,0.05913724656390673,0.1974884047378418,0.2933781152179239,0.18328772641172453,0.26966970246774824,0.2952076411154064,0.23475713390954323,0.28199140801067357,0.10184534699584191,0.17338032700222983,0.2314386791569928,0.18639913827014531,0.13331672450098542,0.15551422462749576,0.17154386624038942,0.14651325322780462,0.2241578689662056,0.17837840475754008,0.2338135369855574,0.20340353416810686,0.20409268140096692,0.25066516363104707,0.3388461843413141,0.2587688604494187,0.24754049966593428,0.26864199193309035,0.2595628160590975,0.3227824617516929,0.22750522570094522,0.24525283872723058,0.20367999562087102,0.10222971845499473,0.2234164960543945,0.19857346600303738,0.2913922021705012,0.2334671125894272,0.14448487440245095,0.20769312524410144,0.30075293987582885,0.14759344945820763,0.28559740627607133,0.22186678615515754,0.2083847637856966,0.29320165432161516,0.2808457583718642,0.18096462529642943,0.2979112547987255,0.1598238273097442,0.27497824486421174,0.23289418544295937,0.28056037825659796,0.2286559303477793,0.19495507476331553,0.25698901579616695,0.28430185292859955,0.30719469438310054,0.16113399871086875,0.26695873453504815,0.25680303323619347,0.2672700567498425,0.21750994688938308,0.3094185134231626,0.26151211812057384,0.29372980645348445,0.35933226129590556,0.3145700795910963,0.24327933072477526,0.34755376994234377,0.35575198492750715,0.20883992791236805,0.3788896830374924,0.28780513165265886,0.2192965726728161
0.4008146187419518,0.2878032837075408,0.9999999999999998,0.3934540789780159,0.6294047580802912,0.42055331022207665,0.35355970901451694,0.29747170375490894,0.4626843482686417,0.4830324567580685,0.290982780296536,0.3054899171958956,0.28087115487955705,0.34839687998002833,0.4463566272630153,0.35408328798693556,0.4373632357782653,0.29434414911343953,0.32511966310242846,0.30551025996025083,0.20564329055886887,0.39939673314332635,0.35972346318555914,0.3835473280273145,0.31550478055353537,0.31455111561838045,0.270196946247919,0.39136076078312376,0.32320883340338513,0.32781470455647743,0.48572952834769034,0.2957952417234029,0.25022841284154884,0.23492104544979187,0.2654909016015554,0.3209749591690858,0.4197284163296162,0.31752327128128166,0.34496721982793466,0.40973523135171375,0.35623181459319064,0.44077910525576924,0.40130421117857096,0.3768974533879257,0.3271185928308967,0.45422369252997374,0.3792520697920936,0.46316460539560356,0.3622446019914132,0.3087081552179378,0.27992658754032185,0.3181140483539051,0.3853850555751801,0.3699528395130609,0.3968059745122505,0.3954284282412732,0.19576835377905288,0.4001438204896439,0.45568982163910143,0.4281879242529484,0.45282316542680767,0.43776659179412514,0.33436378377855513,0.5063308431725249,0.4214605575115826,0.34064837639450074,0.6553502103735762,0.3677041247233852,0.5017091172820576,0.3967539290595603,0.38051753363760166,0.23554984905398402,0.23043562571075005,0.3303207408330111,0.6821259626077227,0.4424038863506701,0.30328427889065046,0.3646904442335528,0.5024392887621816,0.3491347735010437,0.3646516523357566,0.6212609874949434,0.45560657882509226,0.3735641818600761,0.4303719537856643,0.29194918438432027,0.39001332848678816,0.4564679118413657,0.39794769108351513,0.4132893929660666,0.40086039424072406,0.4731757809565752,0.26021722519753765
0.3697015722778967,0.26842024367809003,0.3934540789780159,1.0,0.41363961143062933,0.4114107638953717,0.42101083148036156,0.2550476337677674,0.347990517283842,0.4807054886269664,0.2691177894599631,0.40759183422123746,0.3360747490900309,0.44022048727616636,0.4487315486781549,0.31016827247002365,0.5463929329325575,0.305731120655944,0.10853350394277972,0.10552453995443034,0.2835461124167309,0.2928741368257999,0.39786314932765876,0.3024510070713171,0.3422731947792925,0.31080656151499386,0.2990284821618958,0.39586405291007754,0.19610944053763668,0.2199643420053976,0.20881537452899557,0.13764945429740005,0.06755210384654342,0.11627081574947873,0.1458321218136186,0.21791572007131754,0.3542695316291177,0.09820498028138003,0.2101992321406222,0.2790908535432097,0.37678431373368126,0.33461221777476213,0.35112791922308684,0.23469021970329318,0.24623647717605746,0.2837700574492581,0.21998130186678544,0.34100461270480364,0.23822841194150257,0.16465942000523026,0.16672970418651034,0.16633418910100506,0.3243834189405874,0.24015282640103586,0.29390493033420695,0.32590410522743807,0.12120241128341003,0.26485935227056556,0.3214798866239015,0.3070178345965602,0.349741853272275,0.3394377036008661,0.3483975427799364,0.4652904609146915,0.27891473869110905,0.35638128295210336,0.4626938470267836,0.31944148654243987,0.4358503347924594,0.36731572030907456,0.418724700213178,0.25842172977589006,0.07198644762573114,0.35453556680112963,0.4020754252152743,0.3963575456513987,0.20723351407677115,0.4749721674699656,0.44013252014257875,0.34709584361418333,0.38463337273963916,0.3992121954333163,0.33224371056841495,0.33164385942572816,0.40742373879444305,0.33846361459064656,0.3699983948281942,0.43636132395831717,0.39139471201658405,0.306760405229337,0.42201139708835944,0.4254757045275128,0.2006983981498245
0.39713843170566965,0.2921714251614679,0.6294047580802912,0.41363961143062933,1.0,0.393318652139367,0.47156019483416434,0.31014842225907024,0.3910999937516155,0.49637639933917,0.20637670429963406,0.3381520024985083,0.3397675329631671,0.4709648458673099,0.5353608157799894,0.2857499352887445,0.41070882220623317,0.2874822355215958,0.18166845662070064,0.19574002566688964,0.16113907666892435,0.3638586805646298,0.3257586393165284,0.3645702753366137,0.4065706181572497,0.3056035360679721,0.3213745141236599,0.4678631929231042,0.2861638872258305,0.3196046725628997,0.4206930971012832,0.2784083632693328,0.25894931391035825,0.2527668974664794,0.289711358089107,0.2884179996102503,0.41027791478432685,0.29865332113981413,0.37751814046732257,0.4033775629640304,0.35883457300066945,0.44351999433535516,0.39887938370146814,0.3572827659264981,0.29669283141792346,0.47118792823231215,0.3588389124197128,0.5431781304932678,0.2942771106892118,0.24347665021935727,0.29346367255787786,0.2874133658307809,0.3330907550602792,0.28511708818071535,0.29620425238033543,0.43060800043285885,0.21968564034606985,0.3020689564119361,0.35781925094456035,0.428239457850765,0.388649056683116,0.3734899277392013,0.30954836779696315,0.5213569113572627,0.46703052495470365,0.31851174366011437,0.619487985015307,0.3300765963037531,0.5417933692894136,0.3927830724678799,0.34371805578666015,0.2583153295222751,0.16480523381957868,0.4140080571951845,0.6634670514142083,0.4839471437896802,0.21887443912753157,0.35054323194523707,0.4343955008657642,0.34986350869020844,0.42930584949457407,0.6173339587832621,0.45048471000772516,0.39811459231751334,0.4380894976140961,0.3150566843729481,0.3549831287853602,0.4787383130650036,0.4067209993288544,0.4295957952268754,0.45296591252815777,0.42498753902285547,0.3158788990940944
0.33825601542288564,0.292854165346639,0.42055331022207665,0.4114107638953717,0.393318652139367,1.0,0.3781384937070573,0.34342404658909087,0.35966439705414444,0.3338666525663566,0.28946040868876044,0.3196053321808554,0.24685726099713845,0.309677722866853,0.5302960442486906,0.2590739080219858,0.3915898326045888,0.3408975057151834,0.25205325374409837,0.2862313604210882,0.2956420645313378,0.32416827775237533,0.34487777238501716,0.2688517380515988,0.38785305092369016,0.3058793451082291,0.19705293737774887,0.37245248249354923,0.2190651096812628,0.3066632744402391,0.26618498604216434,0.21437057041874819,0.20037803805889176,0.1220090207286888,0.19822875665355588,0.23790542164004913,0.30982327263132914,0.11226698632918586,0.2889336451026625,0.2663134712238946,0.24424420119926304,0.3440182623889476,0.34591069297081345,0.27312701305906084,0.34870603710573067,0.25542494965148155,0.3047827618797707,0.32194933365456,0.2694182403216324,0.15687995059302895,0.13165091411467467,0.1451157888424376,0.25247393234831605,0.21283895587556834,0.2794017722893525,0.2971336195210412,0.029509546562390354,0.21650225781037125,0.3340708198364102,0.2119874780471126,0.3171159258935834,0.2854640856239763,0.21539586683378809,0.41851971048050784,0.46427213978914394,0.3028417019679672,0.41419027994684776,0.2827332196250978,0.32876345081183533,0.30323813848620906,0.344763065528934,0.25498902506951193,0.16994105928073577,0.42606351618555793,0.40025844214222905,0.38181591757419964,0.15763539939102544,0.2632818660455041,0.3000235077852591,0.2950631577994267,0.29439449187062383,0.4192563777042835,0.4429766107530432,0.3382813862987992,0.4541409989693982,0.2938811479375799,0.3280645588782065,0.467406463255591,0.4264682730341959,0.4398489745732712,0.4011536939307656,0.39535945765508396,0.17465643640085426
0.408781764098026,0.3083477807039403,0.35355970901451694,0.42101083148036156,0.47156019483416434,0.3781384937070573,1.0,0.24050284697085433,0.2831793789767272,0.3660302545977152,0.20615167368818477,0.2620652260335802,0.28615653713286937,0.41659935938660175,0.39213463034057505,0.1839497512711481,0.37576812938727233,0.2833343319671733,0.13075866314638074,0.15796637542118297,0.11356003889235,0.22220615952915546,0.35201175190153833,0.27946049582091004,0.22031568053075046,0.2636629842560022,0.21289100065441569,0.4547990328743481,0.11109695303360578,0.19529531785534493,0.2501904730339577,0.25686216451846844,0.1275533844031742,0.18446716815150843,0.17117018699435027,0.127629153423076,0.22563790487407231,0.14838939279088859,0.34297577768337995,0.21605263851677836,0.2566657980367649,0.28071450725447167,0.33611452035221134,0.25854477366572926,0.22828965293735548,0.35392870735267823,0.2869886580297887,0.3526207351481423,0.22788274676310727,0.1487635119057662,0.22181379438385307,0.09488826043092191,0.262666905053193,0.20099648995002029,0.19208012500666838,0.23025676307741627,0.1439778203176565,0.21569070533174695,0.2548407977516657,0.29577177469547977,0.292886109195016,0.3787096768000686,0.1904939398587675,0.38401989535991377,0.41366734086456036,0.38331227262701284,0.37444534248105465,0.2646317617048234,0.4539414498250318,0.2935034210478962,0.4122582001581613,0.23093466320283618,0.10430467313866831,0.4123611382512331,0.40629392214823246,0.4783885363939353,0.21040254183114804,0.41165573252884413,0.3788544861249925,0.20561798372017326,0.3598062285806811,0.3898380585356711,0.32806879857803883,0.29251315938926514,0.3229395228924449,0.36971855105603324,0.2697800443272451,0.38170089607544,0.37290032803364515,0.31839753092124234,0.3795954131725433,0.3414108372467275,0.20386868992905538
0.34099128533149214,0.32725080257619377,0.29747170375490894,0.2550476337677674,0.31014842225907024,0.34342404658909087,0.24050284697085433,1.0,0.48449037937960404,0.21834483571141128,0.27185352125433004,0.38195460132002956,0.27875400521917326,0.2001537290059905,0.31095413002558003,0.2835287946243885,0.2575352954171981,0.29751731356633915,0.27374925577875797,0.2871005164432121,0.24602102984753804,0.24068231771543036,0.43635809205258713,0.27523643323257874,0.24163223575776305,0.34265137627539655,0.270167618447957,0.2482045555069592,0.09227559576615174,0.30117883293159864,0.24757621661615126,0.1019343432556612,0.1996186392031294,0.16383473888388833,0.2328844733731953,0.11286305046086731,0.29459390250906403,0.14206236297965247,0.19707983106325944,0.2870495942724838,0.1495784870904675,0.24579232025512854,0.288713337007829,0.16878198463157745,0.2402044638392682,0.2994245829992557,0.21430426780747125,0.3037125263876126,0.14172117156390895,0.13972893156574062,0.18774429180526564,0.11888370442013863,0.1551958288213775,0.15887282985116813,0.23102000901611652,0.22566435519572492,0.06624284414481518,0.18697836710912075,0.23815444977508915,0.18822622834473035,0.30826259304548187,0.1905449241790893,0.36005637568657733,0.39503277720467467,0.333996574676939,0.27023244986575445,0.37633786618925746,0.26365515737074585,0.28935913831299365,0.25451214551706447,0.3578425469621336,0.28570871124637054,0.2134416289346288,0.2981403687305908,0.2671617083786184,0.1846404617313444,0.1973882339488826,0.2600177874686951,0.24368460710466322,0.5143087071292488,0.3355880178391146,0.32717973199947537,0.30964313850191205,0.2791869648306198,0.2849473071127655,0.2912359195885036,0.2068721976936312,0.2882389806562011,0.27671974381105036,0.27843673007781966,0.25217985157050116,0.22440287851220908,0.2395727365175322
0.38016700458131447,0.317674555334331,0.4626843482686417,0.347990517283842,0.3910999937516155,0.35966439705414444,0.2831793789767272,0.48449037937960404,1.0,0.37440248885316985,0.40077583850380516,0.5465806739291347,0.23891856654202637,0.33693031595525214,0.401204455537445,0.36755947018946455,0.3075875453752267,0.33086375860585227,0.2168535335853905,0.214440545657683,0.13660504700974774,0.33332706310962135,0.3516216596562327,0.2646999735575949,0.3029102632773546,0.3194664420743272,0.27377439719677854,0.3110850888480907,0.1654948839581032,0.30944913939103325,0.2223474954338348,0.15738259873406502,0.17697006811351756,0.20626761283187045,0.22174632331782174,0.16639369796593595,0.40225580446574916,0.09937449539579635,0.2620478372025101,0.34750276490429466,0.34509251158051546,0.34986675725093064,0.3631368161928379,0.2828615435692876,0.2944768883938357,0.35804753360458086,0.2938841770634064,0.3941154013174074,0.26949660688652666,0.22172575443850429,0.14119092214616058,0.3143778819987316,0.2742554719850052,0.27686973020303285,0.27520128388564613,0.27985604860874935,0.15613582530789438,0.24434456344743116,0.4256788274689197,0.2882176530321653,0.3925144593059551,0.29532476820469855,0.3188184364688078,0.42060480834154523,0.23440220869784945,0.2715454127260928,0.4603433016204559,0.33267730574432663,0.4025244681027893,0.2878431763416155,0.431880017593822,0.12078604614215416,0.24393094799263626,0.2597181358434487,0.34375253515279036,0.32669393653180834,0.14650338023395704,0.32763484048423175,0.28487395936295956,0.3927345995651059,0.3760120135238183,0.43036889230789965,0.3986806544753452,0.3471201953678803,0.3293536455182461,0.262755005622889,0.34650730869695856,0.42344229322965976,0.4105621010768834,0.24267684346156793,0.36821472069987626,0.3634091649810738,0.2151074470643991
0.36970714534346727,0.24355526782841697,0.4830324567580685,0.4807054886269664,0.49637639933917,0.3338666525663566,0.3660302545977152,0.21834483571141128,0.37440248885316985,1.0,0.3113841324202252,0.41349607741941274,0.2584666944659817,0.40078948230766664,0.45382898437507113,0.33880960598800836,0.4722193406159545,0.42278397150172453,0.1780848496911419,0.15514736808783813,0.18386359889212966,0.45968347776026175,0.3078513173153927,0.45898204687595867,0.29464917836786986,0.4271849956329553,0.25101216930901327,0.3480140063835434,0.3209053223533822,0.27470284443872117,0.36896856893160335,0.18426946791240872,0.18718531214811296,0.17369867782102788,0.19597903083585144,0.30964278846112525,0.44308887744970216,0.17131803291453174,0.39621792139040435,0.44141285506247296,0.4218312854254672,0.43014577739444104,0.4324103160305881,0.37675009802247383,0.30420532815808876,0.37867998798614944,0.3531235627905991,0.47819584285473793,0.32295821022521776,0.3669179618442544,0.20178029351244353,0.25978631353599146,0.5650976836801576,0.3786823729012787,0.3427191628700048,0.32994625707790015,0.14504071160524168,0.40487630967498744,0.41003563199772763,0.3572729247431021,0.4514176075615889,0.4923137909791335,0.2431040179836803,0.4985498347776659,0.3359495761341822,0.3644173181752046,0.5140771218577708,0.4418511410302086,0.5109895593589936,0.36918491453154134,0.30804055206620884,0.24270436834953146,0.19496329371270682,0.40238847867894756,0.5166094270711407,0.41139524018638807,0.17304184018471136,0.4238608351550732,0.5287559985461358,0.28883688455761325,0.37691918451333684,0.45525781276917876,0.4233143107782409,0.3992336807822302,0.3887769137969117,0.3726768673422354,0.42510993910064987,0.4620867225232892,0.45726703383410605,0.37845454135777545,0.4301513107815964,0.5056345099501512,0.11850583997374287
0.12814491889653334,0.17453466624009506,0.290982780296536,0.2691177894599631,0.20637670429963406,0.28946040868876044,0.20615167368818477,0.27185352125433004,0.40077583850380516,0.3113841324202252,1.0,0.45888833147563923,0.2335258209276434,0.17228039291274289,0.21852874411739187,0.4416688593432019,0.2676131771233674,0.3979966794203039,0.32867478062581945,0.3747024975098209,0.07529192515630967,0.21937511561862189,0.2989241806014076,0.1716618978034623,0.18214218765041235,0.3536093038363137,0.3504795056513972,0.233327904687179,0.15558094214155727,0.1503873322887881,0.15164682896218906,0.12601968012813003,0.07693780492596036,0.07206668879350642,0.14451660813134748,0.14652541074853054,0.2650533628979561,0.07185508546918618,0.2600324579075537,0.27189801577879025,0.18980643228284222,0.23534651710741616,0.31258939322101464,0.2567417570698307,0.18836838266290523,0.1552231956779987,0.20718383971709553,0.21392308074035826,0.14532300483706784,0.11227128047129764,0.12500429581714778,0.04789106472499183,0.21623429975490494,0.09367716025021511,0.20392140546474047,0.22899553409558726,0.08818911985907563,0.18456248776157502,0.23858952748673556,0.1986097833857885,0.2789030271267172,0.16526064521556405,0.26796233833785976,0.391118597157861,0.286987737524822,0.32828264426046383,0.2891386870704402,0.22253651037785827,0.27951211741292137,0.2436470534475328,0.6338739523581429,0.2597760044466697,0.2276037369250482,0.19016815535456277,0.23069545652375723,0.20887405333740328,0.34828548686771643,0.28986278274128785,0.21267130564488568,0.30474112530255315,0.3182039810255003,0.2695746162313837,0.25296504173569834,0.32339286027662717,0.3171927790191392,0.3001212151778354,0.23288935490743323,0.324891120048719,0.36501473333982015,0.20474899321636197,0.25936138881629345,0.21566153076321015,0.24988989117242633
0.3430060175536642,0.23710701501749343,0.3054899171958956,0.40759183422123746,0.3381520024985083,0.3196053321808554,0.2620652260335802,0.38195460132002956,0.5465806739291347,0.41349607741941274,0.45888833147563923,0.9999999999999999,0.24052379479331032,0.2749681697227182,0.37251364337514903,0.4888697469433849,0.3563247271720441,0.5699384090819665,0.2595705945333462,0.291974499473983,0.2442560722524768,0.3857430975347709,0.3430448828039916,0.2253796363949585,0.24669104841339407,0.58047000962737,0.523371819016924,0.28907401463262716,0.08045126630936505,0.09643150598738481,0.10676879632411818,0.10538930622372467,0.014204083213629981,0.04123310699368188,0.07960479851380342,0.08277915915150047,0.24089100313853418,0.03714718738357348,0.16440000533277355,0.28091549952124684,0.2305602310816227,0.23880292014040794,0.2972270719552136,0.1275614269074934,0.23305107169429706,0.16405322058255012,0.1466808322239862,0.2995716451833943,0.10553947241459127,0.13122646681468964,0.07145536405484132,0.13571371658273823,0.18335155523080693,0.08702203012678877,0.14900581343782537,0.21585193902686883,0.05886427194739874,0.16376409066298125,0.1808259175800251,0.15927751618050834,0.23672281273404105,0.1783842502621702,0.48162592672228244,0.4196737562121109,0.16795946957967445,0.34227397748321753,0.4254732191592885,0.40731635747966766,0.34165745511853873,0.25996939796332363,0.4876375694124713,0.29295284403305033,0.3068508511051984,0.28016531642216846,0.36938906566771834,0.251373187643245,0.25465007388033023,0.36865364710262905,0.33310601117425365,0.5705058966869627,0.4602247618797086,0.38262271738127807,0.2773838823519481,0.24302939004186785,0.31918146497288735,0.2383717579808995,0.2537564138776749,0.33893146583715117,0.27129655260180385,0.20892776901503107,0.19693762206496657,0.2756116941263229,0.2701018905668665
0.21054749290090757,0.12068832693204412,0.28087115487955705,0.3360747490900309,0.3397675329631671,0.24685726099713845,0.28615653713286937,0.27875400521917326,0.23891856654202637,0.2584666944659817,0.2335258209276434,0.24052379479331032,1.0,0.2662323775549107,0.2179306600389972,0.18517139643288683,0.2865746008259573,0.2351409553955781,0.13805302665629027,0.13227039111419425,0.09748451078484255,0.18111105673880923,0.30332170993464747,0.22321920609236834,0.18132376864394883,0.2846576964665595,0.3017636584811375,0.3506359086271975,0.1703262990168365,0.15558467757162486,0.15421511358980533,0.08796460971082354,0.18569731590483718,0.13278957495584442,0.1989892361363097,0.18330104295635385,0.22473762086999527,0.15007558154285494,0.21836920995547537,0.16042898911029657,0.0824810685961398,0.18150011164886604,0.19802450763628743,0.11391315573679206,0.20667701752863343,0.19694419521623074,0.1440582000886096,0.19906505366727367,0.2015318553479194,0.1055038698249009,0.148211172408514,0.13087723102538962,0.15213098452454255,0.074253309929179,0.22210373173477893,0.18176383429744813,0.10707686491206903,0.1400666474559238,0.2184976486242345,0.21348248128619773,0.2564249790469715,0.2000617683408643,0.30632166799279426,0.335374377277599,0.3204413938475481,0.3597651841313809,0.3653953283418906,0.22638368252537877,0.30247380802523693,0.2642135459782091,0.24052635435193437,0.23828143018329406,0.013396128895459825,0.3151200237559475,0.26242111636749366,0.29976084861377095,0.22114912136197584,0.49172422637095325,0.26645566526192077,0.3067440466871555,0.28475153026614675,0.31876064821968075,0.26301937647332907,0.2708417383078181,0.15722728800367392,0.25681308401703196,0.13764844798624087,0.2916286483748083,0.20065314513882893,0.17514233169259297,0.2248046751751589,0.20149704279713165,0.297030543571154
0.33951838869504025,0.2742620456144561,0.34839687998002833,0.44022048727616636,0.4709648458673099,0.309677722866853,0.41659935938660175,0.2001537290059905,0.33693031595525214,0.40078948230766664,0.17228039291274289,0.2749681697227182,0.2662323775549107,1.0,0.3755709835254283,0.2212795457599629,0.3901734644062249,0.1051193011092244,0.11893760758845073,0.15430243852735903,0.16418609303773835,0.22812816939241032,0.2899602923856657,0.2533836886653331,0.31196575122334935,0.2869865889729959,0.22052123089503506,0.5249789790170554,0.1959609793251339,0.23212010768178315,0.2968700123761866,0.17709322388744297,0.21510549901324605,0.1989797859089234,0.17291910329603355,0.23070698979370374,0.3575372729571493,0.09296802250214586,0.4594990239774247,0.3250853181520448,0.3626836093320962,0.3879594725382992,0.4531809632975816,0.4105215168583296,0.296416987432225,0.4299302118377917,0.23475545207089898,0.4203337148519064,0.27220427674742576,0.21017679437490155,0.13157772335504903,0.20126950576764313,0.2418034892141976,0.2876659497175995,0.2646019259642296,0.40246476172090095,0.13219611163134282,0.4093506812975649,0.3234077399673392,0.32966467445674275,0.3546841215233215,0.33092190609667604,0.3300525861831729,0.4581734520260292,0.4241572085074846,0.29841826251536485,0.38885886099823175,0.21753087025913342,0.5708523301421278,0.4452809053435691,0.28336657250853614,0.14080137005670657,0.1451786720720476,0.44655063756129676,0.3242870148496517,0.513328884182242,0.049356868007489174,0.32507217485994766,0.33194316722241424,0.3022890346367444,0.32212518181989513,0.41410885988849455,0.41294439409302863,0.31568927765710664,0.27970765261014396,0.3797227676274759,0.38939998734980164,0.3993875881401092,0.40378870185119786,0.29027807362607805,0.3840854819107229,0.3494170435397541,0.12791123343334287
0.4257765481572062,0.49793728031294004,0.4463566272630153,0.4487315486781549,0.5353608157799894,0.5302960442486906,0.39213463034057505,0.31095413002558003,0.401204455537445,0.45382898437507113,0.21852874411739187,0.37251364337514903,0.2179306600389972,0.3755709835254283,0.9999999999999999,0.28959547960049525,0.45654459224875144,0.3697104302833394,0.19909363428213545,0.20062168279300108,0.18360752506369726,0.3801616742721494,0.3333028032374158,0.2999590518878945,0.4208644330206184,0.46987341185590137,0.26352297936129865,0.44214886513015417,0.2067649992334275,0.2663840074400754,0.2920413952441303,0.22872957392784266,0.18944600043470294,0.2467897325482551,0.2921995188823556,0.2510967592193303,0.35437341943683065,0.2825065924837986,0.3585141952367876,0.3224915919056719,0.33473669948376394,0.385256466955922,0.42074361808096383,0.37010134906597003,0.33215832572515847,0.4341990885739315,0.3614204387094486,0.44563161184879563,0.30030762872852623,0.3040718049466392,0.2371872056363915,0.20658016530453294,0.33185246946876423,0.30749560631330475,0.3513620784084701,0.3856263366525239,0.19104673637044334,0.29334070876434026,0.3405576219410311,0.2840405285107258,0.344608863161171,0.27712895329691367,0.2503330023083755,0.48483630249033705,0.4953146160096289,0.2860218562026844,0.5418346786111765,0.39408736847726833,0.4030337107857852,0.33249765559931554,0.33748577798632406,0.36929372432735696,0.25386801636707146,0.4063528577070299,0.48184826683838466,0.4584610298190386,0.11934850495499094,0.287822378489619,0.3968350788330339,0.34064647453501795,0.3502526884549617,0.4950785920445522,0.3638154099087689,0.39666285438750726,0.46036006810633723,0.32487055311296253,0.3378766687527549,0.45479586486614143,0.4506600761285682,0.32068951042362337,0.4345685498486055,0.41052940134786353,0.23474447939094134
0.3087005965562697,0.23113990686329344,0.35408328798693556,0.31016827247002365,0.2857499352887445,0.2590739080219858,0.1839497512711481,0.2835287946243885,0.36755947018946455,0.33880960598800836,0.4416688593432019,0.4888697469433849,0.18517139643288683,0.2212795457599629,0.28959547960049525,1.0,0.35541814484189915,0.3001960908463428,0.4340544734214169,0.41467324292561814,0.18159891182089738,0.2645882928111387,0.22433428432077251,0.1668213927406842,0.1359096464273264,0.4545093648334346,0.4598325830362804,0.3039299287802881,0.09386727939689599,0.1638420219888903,0.21821541192127447,0.16759975065502997,0.11007754138353276,0.07304588812028667,0.191378968616008,0.10352178457184469,0.3132765817674088,0.1658007170844369,0.20900314162790723,0.27962338085001326,0.27872281187196724,0.23673281909361887,0.3333312756089516,0.13519824958359017,0.23619702263467746,0.2792260011796974,0.1952244507890194,0.3111618410494088,0.1887361511983816,0.17607262781303656,0.1710697495529132,0.15850160573112382,0.17937343017268037,0.14045879212540324,0.20199912298488432,0.23951974525613373,0.061107975991457786,0.15917898035874767,0.1751003888966105,0.13952840640045894,0.2359014784546123,0.1473877912781617,0.4972978470943914,0.3410642622043233,0.18645080083982757,0.3276885554435487,0.3479720593736627,0.27918825186264407,0.2719563618788521,0.26964992176641167,0.3661769611291654,0.25399001474978555,0.3446528539932885,0.2177783976512918,0.3235300875310576,0.28184488733471147,0.362165354534558,0.23905569690213457,0.32794744554008015,0.35185313113046357,0.32922428072508914,0.30883671296741166,0.31441886006317477,0.25460229404260215,0.2604181452528439,0.2277801586657736,0.18884664842343934,0.2518581048161771,0.22849587940612137,0.1858582223202503,0.1431805219457689,0.2185315175214102,0.2730801289607643
0.31820269228501785,0.2779943288149378,0.4373632357782653,0.5463929329325575,0.41070882220623317,0.3915898326045888,0.37576812938727233,0.2575352954171981,0.3075875453752267,0.4722193406159545,0.2676131771233674,0.3563247271720441,0.2865746008259573,0.3901734644062249,0.45654459224875144,0.35541814484189915,0.9999999999999999,0.3433513615341073,0.18676622829395462,0.20684310195621358,0.14137248850259343,0.3518967270797426,0.2740153988659375,0.2863469719928444,0.33834871757578355,0.38785912405172396,0.23952787851517898,0.534157110293128,0.2433359656278069,0.2548511244571865,0.3533509682052498,0.2258804433618986,0.1494067300692492,0.19444867308163016,0.22557028890086417,0.2378536934069022,0.3370800144525403,0.13903360135200082,0.29157603634533813,0.2978346338228718,0.3985964054435571,0.3373653769191767,0.34930081138316704,0.3393386403255978,0.33261678262670735,0.4092405767210593,0.2815534449882676,0.4002087510749345,0.3212231257730822,0.2435483610143846,0.18097867553329616,0.19030526158990213,0.3038170508770175,0.27977302917820057,0.3845122887629333,0.3199862063380978,0.10730539571159325,0.2993621782075844,0.3926869486516593,0.365276324397232,0.4129493068118638,0.33876466011824236,0.2728487874971648,0.48417354388388356,0.3838147270218655,0.31269388224360717,0.5263384267023299,0.4127536908401154,0.5152068116737578,0.33861053849144285,0.3855424503367467,0.2708585281830568,0.17644887935607034,0.3338926423832487,0.43019992426319775,0.38455382659256354,0.1527623390122782,0.3895987866319388,0.4596568375963631,0.32205563487273636,0.3666060345707205,0.5019444756061661,0.3957915314124416,0.3936244835535938,0.475387715748528,0.3628717227911812,0.5926021912163602,0.48749547544541616,0.47639195515615096,0.3447442098772018,0.5246152253185858,0.5851918247855781,0.12224105714520528
0.37243624332360525,0.24014111669795024,0.29434414911343953,0.305731120655944,0.2874822355215958,0.3408975057151834,0.2833343319671733,0.29751731356633915,0.33086375860585227,0.42278397150172453,0.3979966794203039,0.5699384090819665,0.2351409553955781,0.1051193011092244,0.3697104302833394,0.3001960908463428,0.3433513615341073,1.0,0.2535267076663563,0.26594990287019116,0.1419377663301501,0.43680157618320203,0.4973457263658514,0.28702134059843554,0.26261042959227954,0.5359388099715138,0.38313192778877947,0.25860811911785664,0.1230195010958447,0.13672161049129472,0.11720561837499532,0.15055175507206175,0.041474547340162427,0.015578654384013402,0.040707608216402735,0.13594435798788074,0.21193551280442124,0.13516023839351765,0.18651039565115513,0.3166290103559085,0.1850843004990853,0.21715492024878902,0.27581462996404105,0.14696750946358872,0.18853973100359256,0.1362891722303614,0.18654793898134636,0.2818103552013995,0.08658080689562131,0.1838765931158024,0.028330833841153424,0.10815349961249943,0.1973796304258557,0.1248413239265137,0.08826587576240408,0.16745924537239776,0.05673730485980111,0.13527208336854157,0.20132971918491727,0.19509006051597655,0.2575999375266993,0.2582299027801218,0.32586123448083537,0.4067913817960245,0.22317171773779942,0.39436671576098403,0.4452947033030694,0.4345655513379567,0.34566954536732575,0.27153561877936405,0.37130813197111845,0.5042185763322607,0.26718092341807875,0.3813085453655056,0.3988055416077796,0.18857196565739076,0.25944536917359384,0.42105862288519436,0.2818303813425952,0.4582218900397338,0.4228650431300224,0.3266241276217742,0.2392514069329721,0.19495420930098672,0.30849986495752924,0.22755912699666414,0.217011642293663,0.3001493456953215,0.29923196121663553,0.19198645589296237,0.20230560402344255,0.27470696048457677,0.2992655018926529
0.1745538950759391,0.23637511719367543,0.32511966310242846,0.10853350394277972,0.18166845662070064,0.25205325374409837,0.13075866314638074,0.27374925577875797,0.2168535335853905,0.1780848496911419,0.32867478062581945,0.2595705945333462,0.13805302665629027,0.11893760758845073,0.19909363428213545,0.4340544734214169,0.18676622829395462,0.2535267076663563,1.0,0.8951485463045636,0.12227163812032504,0.17757553727200204,0.24003408952262517,0.11405858650514444,0.086704223087682,0.17241993527156396,0.382339982854768,0.20491849383574567,0.14036000821648398,0.20280677063474306,0.3124726401496807,0.21322523862343878,0.19278948427246934,0.16081449612752619,0.22556346674180006,0.14468090409825496,0.26473095925719903,0.20859492213534514,0.21886905080292685,0.29885664709686044,0.22222667174995547,0.26222672344455256,0.25071051620151796,0.21841226521428503,0.21051524290720913,0.2614635517005066,0.24062721521355135,0.2675648012280848,0.18898319116458384,0.1872693176699517,0.26882160327470617,0.14889556666274173,0.2585383694462028,0.1965608105582135,0.22567797104339338,0.2649111020456023,0.19538787456924545,0.22662277357044536,0.21118308494949312,0.1854070643210568,0.2114334470136393,0.23041165662211238,0.38706144232746253,0.16760416379926157,0.2604652616418397,0.1427654203754849,0.20242103149615986,0.20440945272878808,0.19719476710978556,0.2803448634078718,0.17931297389360756,0.42333081278665374,0.4968943380166969,0.18595999234968097,0.24568167083057835,0.14868997038584486,0.48432022844342604,0.10728564286962428,0.2714126730507025,0.2624546791246536,0.19765926175236925,0.19589312973684392,0.13091462678132582,0.21367488604334794,0.23635414222111506,0.23500924040821658,0.19380228420172552,0.27207762574253214,0.23261085081728927,0.22510339717839334,0.18813208928152525,0.19911788501913308,0.42126979058858405
0.14610517291378988,0.20920135419869879,0.30551025996025083,0.10552453995443034,0.19574002566688964,0.2862313604210882,0.15796637542118297,0.2871005164432121,0.214440545657683,0.15514736808783813,0.3747024975098209,0.291974499473983,0.13227039111419425,0.15430243852735903,0.20062168279300108,0.41467324292561814,0.20684310195621358,0.26594990287019116,0.8951485463045636,1.0,0.08017839791411885,0.20513258379531762,0.2397904175876685,0.16673589627450347,0.11745978955088365,0.21755204262800576,0.36619845604514323,0.22004237283331918,0.12465015086006259,0.15030185688900555,0.26030602178269024,0.22406581734805597,0.15574242761503054,0.12463147300815747,0.16976994777350063,0.1319482814457914,0.22881880975744862,0.19084116015789632,0.20539911026765478,0.298108844441036,0.2038790512787556,0.2657237470248963,0.2628806014898738,0.2106827176666929,0.21036042189346416,0.24145090031245586,0.2370579034821032,0.25176249484441815,0.18147012104010996,0.16852528199416605,0.294043000329971,0.13722040871780372,0.21494301069625665,0.15665008992032092,0.21099331516277942,0.28433683931651266,0.1915175433389339,0.1903876394449826,0.19784361301919584,0.1728127812288437,0.207216255853383,0.20321734765956212,0.3871052873750077,0.20096032885406334,0.26382825426353884,0.14043203439707308,0.22390399754013268,0.22755619173465302,0.21008233580804936,0.2541535781982167,0.2526957202741693,0.39867211620780063,0.5083420993340536,0.19852897666129543,0.21736528499128105,0.15594619732864412,0.4388944857504602,0.10630666367806618,0.2649300028160809,0.2939523966115366,0.21869862810763163,0.23141774077890143,0.13553643560204032,0.22787704489346128,0.27321250442032097,0.27645510462697165,0.18779616237737118,0.2544439516444482,0.24588718272269428,0.24526073540535687,0.21396501486725694,0.20580609380487347,0.3850035027873484
0.1633564587286116,0.05913724656390673,0.20564329055886887,0.2835461124167309,0.16113907666892435,0.2956420645313378,0.11356003889235,0.24602102984753804,0.13660504700974774,0.18386359889212966,0.07529192515630967,0.2442560722524768,0.09748451078484255,0.16418609303773835,0.18360752506369726,0.18159891182089738,0.14137248850259343,0.1419377663301501,0.12227163812032504,0.08017839791411885,1.0,0.10057476238547591,0.19509514481076562,0.08811054124974949,0.26234788989864843,0.1315323182011826,0.2684949171178771,0.13125947981417174,0.0939532366928153,0.15379914531855088,0.2190287155772046,0.037376830697184005,0.015926916198685026,-0.03814361935282795,0.08569985648544254,0.1388967397451164,0.22939961028149558,-0.008440596853582116,0.19191579234129952,0.15233490994609222,0.21292221476678508,0.1699040331606605,0.2485870326067532,0.08628019411463583,0.1378931075194001,0.14165532876722275,0.10076978080746657,0.158238575986845,0.08337282534488744,0.10076739518755329,0.10888650531342547,0.04298913497712298,0.13253438457015,0.25818770754989484,0.1745504384487706,0.20267655960417164,0.0247959679251476,0.24216229947796686,0.16245622838098728,0.16430790619659197,0.23252154533950908,0.1908431651376763,0.2822738817743198,0.15598889344377187,0.19819431128175735,0.2385067434372914,0.14767325597420689,0.12465511036746957,0.1376920730763166,0.11495802079308648,0.20385815322631762,0.15961853569475226,0.17008290250323344,0.2619999409668532,0.18972943423743527,0.14213987363963376,0.24092747944290016,0.2205423018549073,0.21194245655098842,0.2172560650160823,0.09961724314659426,0.13351235915791504,0.2804427195398055,0.039800244830455855,0.08677086885065322,0.11031324979858759,0.14525390641914793,0.16331475925263528,0.10227939205686054,0.22984200308545055,0.13518474337726505,0.15844133339913324,0.15835416223232313
0.29968523386375423,0.1974884047378418,0.39939673314332635,0.2928741368257999,0.3638586805646298,0.32416827775237533,0.22220615952915546,0.24068231771543036,0.33332706310962135,0.45968347776026175,0.21937511561862189,0.3857430975347709,0.18111105673880923,0.22812816939241032,0.3801616742721494,0.2645882928111387,0.3518967270797426,0.43680157618320203,0.17757553727200204,0.20513258379531762,0.10057476238547591,1.0,0.3767970270988188,0.43871846110919177,0.20977799086380922,0.33273516483056365,0.15640195273996194,0.3131941167163753,0.1223521991897033,0.23237727071120406,0.20959554019766058,0.10950947603392869,0.17229451797669193,0.2208285805068101,0.1679243276766218,0.11380712714784413,0.22571315599680564,0.15170508617268808,0.2585478108909727,0.35587703898596446,0.17896213460139965,0.26937538065426203,0.27917934842895653,0.2670512310949331,0.1679247676740907,0.2623762881642011,0.19966420538295748,0.2765022012339968,0.19139450112729695,0.2258835901646361,0.12626561413266657,0.1567820884106762,0.2724231469670212,0.21043084671566725,0.18140647097875306,0.20245649375658492,0.10512853507099029,0.18803096296400634,0.3902391058366197,0.202937809572438,0.3626940344133558,0.23300776478847984,0.21267250150895511,0.41627867597912394,0.28327841574469237,0.2999390459162421,0.5865395072222467,0.7030147799906385,0.3744950095287487,0.33322893384187735,0.26227978121500306,0.27892979332398227,0.24292454448963308,0.25005856494268464,0.43466483730352923,0.23490328415867667,0.14541293333261163,0.34316080576533736,0.4237432885192638,0.3443660743530079,0.47298006549389726,0.43826837736134094,0.33946451431111213,0.2360978225447905,0.3750138038349735,0.1729738000475246,0.20355729199259176,0.26504192579298047,0.24019890923243903,0.16588762712853766,0.25831103737706784,0.31083067190004543,0.1677877085944306
