0.9999999999999999,0.4165255200348148,0.23400947015850138,0.4284961075136795,0.4758627485186021,0.24660366415242474,0.28392654005553797,0.24660366415242474,0.38639245868537375,0.48969237756307993,0.3230902985817281,0.40263337516480346,0.625980756059447,0.38272343646517226,0.4960256092897659,0.11164868252995752,0.462466145973373,0.4422144946343627,0.4094563480393898,0.4758287036911675,0.14501408484462786,0.40819666815398725,0.5551051180450967,0.5176382016105586,0.5930016360730628,0.37324518788309935,0.4599522106074725,0.295213266805757,0.44684928080046526,0.43365510227418747,0.302862795365747,0.40711028704423224,0.3168910934123812,0.3583527794762309,0.4214610488200756,0.20268906710265977,0.38092828902148135,0.37378706716616494,0.5655589239955052,0.9811637847063087,0.3843485604287883,0.38506745464939063,0.27886337808908435,0.3448439525199757,0.4196008528688331,0.363828066177456,0.39703805586463625,0.5426873160851684,0.6796670437505912,0.4000638584139028,0.2205898121506189,0.227135698570063,0.2229194706483406,0.22976915901640815,0.1856492186405686,0.13705283524265988,0.18955284452249177,0.2016814542834373,0.3430513149283617,0.15634772006460373,0.3532730842240417,0.37238971010206656,0.30174769487233843,0.32624233095103206,0.4076604502377257,0.31934363079418193,0.25868457910890075,0.362703889308601,0.24831863916215924,0.3617053415772219,0.2598981557818463,0.2659827796751363,0.19949912061835673,0.14000695804275987,0.27069838279044167,0.23955052275096334,0.2946346952246558,0.31428002253232035,0.12178877741141658,0.26667844210892633,0.33970907224398905,0.25247516212202015,0.35465857070426343,0.29623457014163046,0.9664152102888162,0.4931636830399827,0.346034578239642,0.602454794960131,0.43624215399071065,0.3748808830212538,0.4495586137221921,0.393880716760862,0.3918108869331802,0.3893395696196158,0.6294509507244451,0.6294509507244451,0.5016837374133215,0.15464394024379013,0.3861426622224482,0.6202571563782799,0.43600564303701006,0.39470494168027814,0.4222276279607049,0.49780865746278846,0.471474764069302,0.3651872529903901,0.32036654528940955,0.5443915985999364,0.5443915985999364,0.26476912158748833,0.37552254940745833,0.5171952092791364,0.4981899447468269,0.33739557762909056,0.34114857036654556,0.421298598212964,0.41225949724073496,0.44538025716777474,0.08314048727186096,0.423208239817048,0.44538025716777474,0.3494172365979653,0.3740273397569056,0.5210994636475694,0.5755183903518931,0.5004130176595007,0.4332495974150907,0.4745536878672201,0.45510984928409415,0.4118980357904338,0.4118980357904338,0.5485065114002199,0.5485065114002199,0.45130118082799986,0.44197496375470524,0.3613066189022277,0.5025112813645916,0.3669473102385603,0.27723997188964533,0.3609155393572624,0.390099450536294,0.31037171580441825,0.3351758392746289,0.37988595979498874,0.2720713916161672
0.4165255200348148,1.0,0.5713934511773315,0.3521841372480323,0.4207043917669133,0.30986958903181117,0.3375430091187894,0.30986958903181117,0.5322314459222025,0.4333967814821834,0.4359620960613373,0.40913766102329197,0.5262663023353696,0.3832895918572763,0.5577753032108301,0.15936158946673507,0.4788985896243918,0.30093194670549495,0.40453074224817653,0.45053482842483916,0.1842871017700729,0.4443844936737361,0.476866988404973,0.5652731613982399,0.42236172419021145,0.5319980968611844,0.42684901197676517,0.48849540922858403,0.47979675450326553,0.4440244798665789,0.49220700379833005,0.5767155488000746,0.3191562867779191,0.34926906177026773,0.44351838255512477,0.278156723790981,0.42972140325887653,0.4192040763091367,0.49032595029038406,0.38451290311040864,0.43388357668455957,0.44887931410303417,0.35108690636754614,0.4156008640440372,0.5037950965979568,0.40835722500726823,0.37431703771716485,0.44299213575685503,0.4500763335324435,0.4301199333425596,0.25734093908317834,0.2871257692337865,0.3372735106083329,0.2617827773702419,0.24748343150038488,0.23157310418435306,0.2732536969417749,0.24456511274974102,0.43551598802605374,0.21852481433821536,0.3624748147386998,0.42622892983555827,0.3255005215617325,0.37117034484456435,0.45388575926904684,0.3362588407314704,0.21715864552551167,0.41986507096017645,0.33742675541761324,0.47393185506715363,0.31090068763318324,0.2898937318107877,0.2891356183598188,0.2308781254771899,0.3504294510160795,0.3575574116544622,0.36465032709638534,0.34601348997849435,0.14202422255247404,0.3195474345061309,0.38620632419590784,0.31717687270241446,0.3857350608643282,0.4153139285955483,0.40841501248403833,0.4299986033669607,0.42853724705726304,0.5631927689230154,0.4699422565923794,0.3337608662388887,0.5299804516375555,0.45109461813629337,0.4215885996356801,0.4675947091038788,0.53059498551716,0.53059498551716,0.50678052048073,0.1705165290570807,0.4174527288182551,0.5543229177285969,0.45683322191762143,0.33218471706783226,0.37157373098262014,0.4679865351022803,0.39420248710828343,0.4803897702713402,0.40921359560939075,0.5340105087342623,0.5340105087342623,0.24097295338228464,0.5229702044838165,0.47637682468634845,0.4770779511735467,0.5281009461573712,0.42441979929639273,0.5963269126378345,0.3180332133709831,0.5729777025581514,0.33373836613231833,0.658367285774987,0.5729777025581514,0.41400816622247116,0.48179025337812764,0.43987220743676847,0.4896861830604381,0.5117589641806191,0.30313661748844534,0.3728045568960603,0.44584766191090375,0.47077698255126155,0.47077698255126155,0.5418871494123643,0.5418871494123643,0.47328864757747313,0.4684963261224684,0.3952383763219507,0.46720917029581566,0.35034413765820416,0.30932301930441786,0.4016591003470691,0.4579770443919662,0.36465307514749934,0.3663951264047115,0.38483100816555527,0.384869621218179
0.23400947015850138,0.5713934511773315,0.9999999999999998,0.2886249208605569,0.32517903553678806,0.2282495081295418,0.2330796878681436,0.2282495081295418,0.3889536790049294,0.3852363981646927,0.37489128306620056,0.2777875751474371,0.4070043377101029,0.2515662267927784,0.36581965922614124,0.18437190907845435,0.339591438394759,0.12887103531268074,0.26754317205646627,0.2740414946769838,0.17439296784726144,0.2578610407001545,0.23946131265689052,0.3355338921420614,0.36314484279254144,0.4266284814879364,0.3197816611664863,0.30999276906221995,0.31774587739310944,0.3352193588169605,0.29390620499526676,0.35435533520874885,0.20578209777836498,0.17003384082544248,0.3299785605850698,0.1828986095341174,0.33143607918339424,0.30758510958332386,0.29526367762625316,0.21996074385432407,0.2745433160892228,0.35373072951316176,0.3146765699561327,0.34026519196037686,0.312121939752234,0.254468739167763,0.2653426406072813,0.31486664028033307,0.28707985021311244,0.31578557073985314,0.17641125455694673,0.15728424800821705,0.25339463386753214,0.13807655218118997,0.18242888789325806,0.13578719503134606,0.17293860138547013,0.16970258291472917,0.2603257858770449,0.17802682603245823,0.24123216149801618,0.2633665607176692,0.25853708921944796,0.24581865680629367,0.33150015329360694,0.25445020562407983,0.20801070168674085,0.2493611763486262,0.23844654574437607,0.3349208465985216,0.17797897268916452,0.20234193952935442,0.1818331183140287,0.09207166752224527,0.24634169084548896,0.2979430803759233,0.2573924463956023,0.28625183306344315,0.11198524649643327,0.22771297780180477,0.26507578826968115,0.19235697813822528,0.2465636620438576,0.2519150405938506,0.24942102152284884,0.24935013507637915,0.24767168565648356,0.3867293233101816,0.3403772945867942,0.1762589473643692,0.2656943266432913,0.30573248519193075,0.2857359760503807,0.3087559856761444,0.36086009177473544,0.36086009177473544,0.3313331092122085,0.17945423673092775,0.32924285371413875,0.4113222396914077,0.34586609715058114,0.18048588028513513,0.20250128596696848,0.26291898244109113,0.20875907790871318,0.37569711085048096,0.3020729119146206,0.3478046828710135,0.3478046828710135,0.2776645630411724,0.29013084601384587,0.35927857127972385,0.33284292332881416,0.45754368218929375,0.270292316805563,0.2976168107181949,0.24333179371467284,0.3008544097653989,0.12292815750687303,0.31087632420915035,0.3008544097653989,0.18850662557342135,0.3782924401278678,0.2851726120559961,0.33176550120732573,0.35746923867467106,0.14404543726814167,0.2251316929070898,0.33986844856655785,0.3490466530684594,0.3490466530684594,0.3447723816929493,0.3447723816929493,0.3130621157561725,0.34239102711401426,0.31163548421316334,0.3745811058212911,0.2982725927494685,0.2406527459185317,0.34118418434938147,0.38326013522613567,0.3137210583091077,0.33012739775826794,0.2619943617258864,0.2642654144048362
0.4284961075136795,0.3521841372480323,0.2886249208605569,1.0,0.3767947772132989,0.3643878490187842,0.36632748344849564,0.3643878490187842,0.39414590077949807,0.5144281967876251,0.3799780742371879,0.3679258766580511,0.45635782015533444,0.3188281528790926,0.42228539167991297,0.17380080345033355,0.4650628831897019,0.3539217527501456,0.4881264534349079,0.3826276238374493,0.23568868643316576,0.265615786040871,0.3662891273648047,0.37754632945548217,0.4749407261499259,0.37592725059655097,0.4057540993758315,0.2689128535330536,0.43297030691481586,0.4045632869959852,0.4554290328998942,0.474702280883496,0.33367113663337733,0.3420498878341718,0.4170321005573062,0.3791947122975785,0.3349190934362908,0.5373794498893575,0.4240072230826595,0.3995023183663299,0.2838485709613785,0.4947487034298953,0.3218849957499704,0.39777518726185335,0.46506646030612586,0.4266528042809088,0.41672478918765576,0.4518123848780875,0.4237773424763305,0.3680925744915158,0.14556090738255756,0.15403816956910354,0.2566610091811574,0.23240989864408368,0.11616622990287429,0.12654037289835585,0.10066240219795397,0.13523765420730205,0.2409543505810412,0.17031123876632204,0.27110742582199343,0.30923941183858816,0.25688454473134636,0.39168474471068204,0.3433746750602791,0.25139700591522307,0.15307688363454375,0.28235918893683154,0.2935217765892548,0.3401351886757815,0.20388375531624847,0.1867401193110041,0.15927107077845581,0.07781158255184295,0.2078540438218186,0.19714095715018787,0.2270643964713095,0.25784021686461056,0.08320308892541273,0.2435701029945656,0.35921451726387255,0.1861589465726916,0.3452749846113352,0.23857231193524164,0.4872211360052884,0.412016973172288,0.41602545215299025,0.48631041498577,0.39972994452266186,0.33265315353365754,0.42646549372964526,0.3577954097015874,0.35432701452377513,0.34674606110449213,0.5505872870665247,0.5505872870665247,0.4680759951635056,0.26386358094045415,0.5485365284065185,0.510064241107027,0.35774128233246993,0.4121771556173447,0.44078221317353694,0.42731555291341894,0.3773090064906751,0.5379001615114805,0.42866778602995415,0.4897846410388086,0.4897846410388086,0.3610725023474135,0.3631987385247699,0.6427289491929672,0.42876504402863225,0.43795688863448934,0.37924797523507214,0.3256067942067171,0.33130913839444887,0.3411078236768855,0.15555179675950404,0.3610252155852407,0.3411078236768855,0.33736243194641824,0.4417621830366245,0.4486841620320059,0.42895534330782503,0.473481032465788,0.33384012823927567,0.36385716322178685,0.3524344077982642,0.5865280145781733,0.5865280145781733,0.5201179118770202,0.5201179118770202,0.39870267113428026,0.5208166216032595,0.3086787416785475,0.3987566434448987,0.2900116441639282,0.271079103752517,0.3358545511416612,0.31627056887416594,0.2658169801820719,0.2997407823608238,0.29534493175216214,0.29465813188152723
0.4758627485186021,0.4207043917669133,0.32517903553678806,0.3767947772132989,1.0,0.22814044028807468,0.27456296527231494,0.22814044028807468,0.44688990842239906,0.6047707397786689,0.4467058091126672,0.4253513036711196,0.44427056241197305,0.3832267895495344,0.533336451290873,0.11971752347063025,0.4973684712752753,0.3712105972162696,0.35280421990776056,0.4197090575654452,0.11526886018663995,0.44175587185438503,0.38386043701874795,0.5185785391490756,0.48039666690014915,0.4413663787246733,0.46174227022262393,0.31601803370611936,0.4359087796355038,0.4592383187026914,0.3908531049939933,0.5015954085896045,0.38728344210885646,0.41602868401637316,0.4557073308513906,0.1579299111318999,0.3468769903894975,0.40932243459614526,0.5804930688975607,0.43524278902077707,0.39627939699704795,0.4415249241934822,0.325587101520981,0.40380340817066873,0.38702101617366924,0.36456674656829935,0.34183341575571724,0.49210642387038206,0.4963797524965796,0.6253172135081193,0.3829670935600773,0.3816939265808136,0.4511572844118731,0.3464338268166163,0.3540110578392517,0.31531922594366635,0.3261819905535268,0.3706955618555372,0.5099575492577965,0.3452909332815981,0.42467472558885433,0.4549536714968466,0.43308283823305005,0.4508489422595713,0.4781727187070164,0.4081466484266546,0.36743573729573875,0.48415626582450577,0.393495959376406,0.5098082768601023,0.3838176288150503,0.34898525351169796,0.41358743904731055,0.29648031507083183,0.3888132089347702,0.4162174101366334,0.5127383449247662,0.4542048523033937,0.25410771751962136,0.414246354770039,0.49471502776768483,0.39601429108567543,0.4675980441362517,0.42977740311553014,0.45864271960583625,0.436563392734971,0.3740866618989539,0.594598887825643,0.48427066531657403,0.3110086410499283,0.3092985643599573,0.4096660570625077,0.40477149510797905,0.42066207918665,0.6622058664687775,0.6622058664687775,0.5060220364366299,0.17842719412604435,0.4175643792548134,0.5732672816258126,0.49884063190890493,0.31620664658126285,0.33486667854040497,0.434506270311414,0.37456151666127746,0.44415316106526526,0.3571536364761905,0.5578549606257435,0.5578549606257435,0.2987253967856556,0.4105832398281307,0.6808336823353562,0.43765859254579476,0.45777546175476447,0.4280711297533992,0.4648784928076539,0.2572352730407583,0.4886354226361743,0.08206953223645141,0.496231286790074,0.4886354226361743,0.28966604679260577,0.45278823604087537,0.48470474121971263,0.5385124777054849,0.5723520182538705,0.3665454209722627,0.5146971191117176,0.38744039103891337,0.40486220355212577,0.40486220355212577,0.6832459726974114,0.6832459726974114,0.4810766505430367,0.507908671923982,0.43764300987648785,0.5790880853641007,0.42794326750617073,0.37708536015705385,0.4618837192172782,0.488893048724921,0.5386307510789107,0.4265782637222939,0.49721135970212127,0.37635406582238007
0.24660366415242474,0.30986958903181117,0.2282495081295418,0.3643878490187842,0.22814044028807468,1.0,0.9662457691478508,1.0,0.2967566521099535,0.2922917208974527,0.3022121765965302,0.26329861295443335,0.22852302011591163,0.2776662518859141,0.26315216078235304,0.17248925964437378,0.2962500598002602,0.3067985789791887,0.31428213627911794,0.2731859188407533,0.22980243113656718,0.2512285716845002,0.2133389314324683,0.3299699225996313,0.2684069355151517,0.27651472614366945,0.30095887284648004,0.24286725245688545,0.20001954279969703,0.34712974220342097,0.3684051883617214,0.3700782140410315,0.19775822301129253,0.2359613616569105,0.28145772975070127,0.24044323466273299,0.33040468416692703,0.353493032226861,0.21596107556934108,0.23317996442557054,0.28693957224729816,0.2755998717406388,0.2968569941699466,0.2976040345845121,0.38220669527116,0.2136858238438456,0.2641303769662775,0.2589798039947788,0.23194604165532473,0.23991385762061557,0.11501295781719134,0.20425605732573326,0.22110094815241188,0.09482323666806347,0.16239907405091658,0.13334658980242065,0.1503623876947796,0.08458071264076472,0.2361294672845915,0.0405177517172165,0.22014626707969165,0.2173713834713551,0.15042399977459153,0.21168595355708408,0.23944464807950305,0.19331501600897227,0.11775567231370043,0.2183134122655349,0.1434671413229952,0.28574831868854056,0.15986379471189482,0.12891735248943448,0.06814302546284612,0.07009474667396165,0.12032205884032665,0.16476196966117485,0.15550486546208686,0.1733242100743202,0.014303751992835734,0.20618108199450902,0.2747414417030898,0.22252461217768182,0.23186403644274378,0.18735332069048805,0.28929291705754623,0.24011047072429015,0.2304630596023337,0.338609135962473,0.2525251928734418,0.32893076038333435,0.3172872818783805,0.1841595478418544,0.16592387330948077,0.15868587510108156,0.31956324192580166,0.31956324192580166,0.27047479225586657,0.19234547123849843,0.3146127688875928,0.29714336125906504,0.1675497490302832,0.38892488149934556,0.335754663829285,0.33238469533700155,0.2986363916854532,0.326406831699938,0.26305137030823145,0.29068983170311025,0.29068983170311025,0.22929876687990247,0.2449770734578639,0.33908445323897063,0.2596209198313424,0.2884914939533113,0.21535205723041906,0.28649425140586793,0.3404626069631864,0.30102035820009165,0.21075658940146103,0.3117024787041648,0.30102035820009165,0.21855684810617582,0.3127120881865182,0.28209774596069714,0.27332072471455093,0.2879076445114027,0.30916458280110715,0.19574481342288563,0.20487947097126646,0.3631985608413697,0.3631985608413697,0.3219418480127034,0.3219418480127034,0.27510452226304083,0.3048813123029117,0.30677848981400546,0.37600725769773524,0.25276418468794404,0.2339706443238636,0.19963431722816483,0.2803148897794496,0.26191416569648607,0.2250271794287816,0.22165156242264417,0.20867321017616636
0.28392654005553797,0.3375430091187894,0.2330796878681436,0.36632748344849564,0.27456296527231494,0.9662457691478508,1.0,0.9662457691478508,0.3415217485098584,0.3364656140940556,0.3298525725453929,0.2867606069157077,0.26336965595203976,0.2771991282577646,0.3178025559386224,0.1290197111812944,0.3477632793875921,0.323905547489709,0.2713698060453651,0.2844201404074087,0.18106550951466216,0.3136664551641518,0.2382183136124656,0.3841943700624011,0.3143002583407287,0.31465969588234477,0.34614431910972954,0.273053233707258,0.20306289003588895,0.38625723434815873,0.3470721663077738,0.4091497875914091,0.2251500786458771,0.2626204550510889,0.33671448776170265,0.19940919675577717,0.36320160687320013,0.4004703772794983,0.2598786161400868,0.2625693043986711,0.31324293306239803,0.33720430002991675,0.31773366441005846,0.3358344189511582,0.3787332643158906,0.19780080586969784,0.25698227835106857,0.3213986268482266,0.27652865054492015,0.30629043601805295,0.20239974368993263,0.27726740261644567,0.30453330722671,0.16145407573197046,0.24647930891471004,0.19101157712898342,0.22028231818011546,0.1681620632512738,0.3114291889984606,0.09530720364196599,0.2858551684463375,0.29637959035744055,0.21156701003544143,0.28648130165320884,0.3185504746944239,0.270703759580078,0.18734806989577446,0.2796968512275093,0.23313635507853137,0.3486647705684667,0.24354828409282459,0.19246258572489483,0.13949146938390333,0.12028094336593509,0.19614515960517176,0.23185557715551375,0.24093485447203156,0.24457465082653518,0.05696621880094299,0.26674380130722697,0.33755409013388804,0.2842231621018776,0.293582341433702,0.2493019838920678,0.32071114323783667,0.2434672713461612,0.22293507351836372,0.40257622768902634,0.30034545572771765,0.3487468311180888,0.3376525118223108,0.2480534256091741,0.24119819814781163,0.22268359711229702,0.3854607270547252,0.3854607270547252,0.3183200647381573,0.13404364824142367,0.3556374967378846,0.3629631850661259,0.24170742906153853,0.3724253193827447,0.32490839817058736,0.37100661311842775,0.31242092517491793,0.38613237395150957,0.24596685406830276,0.3567853014625948,0.3567853014625948,0.1986623138336583,0.28647828402186604,0.4002481605563285,0.2876575629568936,0.3201889570738796,0.2499779990267028,0.33526527614911994,0.33673722673121675,0.35289284413274635,0.16900244341424853,0.37642875675019793,0.35289284413274635,0.18079780549113145,0.3731022091400421,0.2809772017412413,0.31271646691436894,0.3392383368173628,0.3293366103481663,0.2630045659879603,0.2354565396222652,0.3866767779889213,0.3866767779889213,0.37441953875671574,0.37441953875671574,0.32116729890532725,0.3526784628800044,0.36822986261090174,0.43849450260469336,0.31806673013055287,0.300092497664876,0.272589407111256,0.3486546592910996,0.3251675685642932,0.28816206796917143,0.2991890291934669,0.23015524806086063
0.24660366415242474,0.30986958903181117,0.2282495081295418,0.3643878490187842,0.22814044028807468,1.0,0.9662457691478508,1.0,0.2967566521099535,0.2922917208974527,0.3022121765965302,0.26329861295443335,0.22852302011591163,0.2776662518859141,0.26315216078235304,0.17248925964437378,0.2962500598002602,0.3067985789791887,0.31428213627911794,0.2731859188407533,0.22980243113656718,0.2512285716845002,0.2133389314324683,0.3299699225996313,0.2684069355151517,0.27651472614366945,0.30095887284648004,0.24286725245688545,0.20001954279969703,0.34712974220342097,0.3684051883617214,0.3700782140410315,0.19775822301129253,0.2359613616569105,0.28145772975070127,0.24044323466273299,0.33040468416692703,0.353493032226861,0.21596107556934108,0.23317996442557054,0.28693957224729816,0.2755998717406388,0.2968569941699466,0.2976040345845121,0.38220669527116,0.2136858238438456,0.2641303769662775,0.2589798039947788,0.23194604165532473,0.23991385762061557,0.11501295781719134,0.20425605732573326,0.22110094815241188,0.09482323666806347,0.16239907405091658,0.13334658980242065,0.1503623876947796,0.08458071264076472,0.2361294672845915,0.0405177517172165,0.22014626707969165,0.2173713834713551,0.15042399977459153,0.21168595355708408,0.23944464807950305,0.19331501600897227,0.11775567231370043,0.2183134122655349,0.1434671413229952,0.28574831868854056,0.15986379471189482,0.12891735248943448,0.06814302546284612,0.07009474667396165,0.12032205884032665,0.16476196966117485,0.15550486546208686,0.1733242100743202,0.014303751992835734,0.20618108199450902,0.2747414417030898,0.22252461217768182,0.23186403644274378,0.18735332069048805,0.28929291705754623,0.24011047072429015,0.2304630596023337,0.338609135962473,0.2525251928734418,0.32893076038333435,0.3172872818783805,0.1841595478418544,0.16592387330948077,0.15868587510108156,0.31956324192580166,0.31956324192580166,0.27047479225586657,0.19234547123849843,0.3146127688875928,0.29714336125906504,0.1675497490302832,0.38892488149934556,0.335754663829285,0.33238469533700155,0.2986363916854532,0.326406831699938,0.26305137030823145,0.29068983170311025,0.29068983170311025,0.22929876687990247,0.2449770734578639,0.33908445323897063,0.2596209198313424,0.2884914939533113,0.21535205723041906,0.28649425140586793,0.3404626069631864,0.30102035820009165,0.21075658940146103,0.3117024787041648,0.30102035820009165,0.21855684810617582,0.3127120881865182,0.28209774596069714,0.27332072471455093,0.2879076445114027,0.30916458280110715,0.19574481342288563,0.20487947097126646,0.3631985608413697,0.3631985608413697,0.3219418480127034,0.3219418480127034,0.27510452226304083,0.3048813123029117,0.30677848981400546,0.37600725769773524,0.25276418468794404,0.2339706443238636,0.19963431722816483,0.2803148897794496,0.26191416569648607,0.2250271794287816,0.22165156242264417,0.20867321017616636
0.38639245868537375,0.5322314459222025,0.3889536790049294,0.39414590077949807,0.44688990842239906,0.2967566521099535,0.3415217485098584,0.2967566521099535,1.0,0.5040632526146495,0.4872817884811954,0.44346581241578,0.48416505050530567,0.3712371809134428,0.5683267207457989,0.16648748917970402,0.5305671307306035,0.3765313826643626,0.4688672655077786,0.48122802671366727,0.2020866656396222,0.4878227970337484,0.35731311717783265,0.6432572946915132,0.5151687685980724,0.5156136206821417,0.4473565228089559,0.4330997426564498,0.42617457723251007,0.5709021816911669,0.3953289485930771,0.4932722137148885,0.3089723156469657,0.3486836581031898,0.5024975284234263,0.3004683186266881,0.40460254458250233,0.4371883905350402,0.4884612018879273,0.35233448427119063,0.36427344936599504,0.45586059512645827,0.5074596982440461,0.5410462690285386,0.4573458903703579,0.40841422476749467,0.45287985677795217,0.5763816783285223,0.48592036596660426,0.5216312723014798,0.3868120974921103,0.33673212987845114,0.39492014659643293,0.31000718732693167,0.3352255287114121,0.30604960182449403,0.33986440674790885,0.3736906873188618,0.4645592474318343,0.20862001446167677,0.412079228794213,0.4863191853375438,0.5370008271461726,0.4897193799245543,0.5729913011826233,0.4099085619174784,0.3486882741578715,0.47106694492491585,0.3946258570589919,0.5715105368141926,0.4119208565375303,0.3789793637396741,0.3049836349959757,0.2987256624316246,0.41645000254981335,0.431645206232264,0.44744310697119005,0.5293794959112488,0.25814291874514184,0.44659770668443133,0.5199887015437283,0.39211193311582004,0.46307034175101447,0.488610762667517,0.397686729988024,0.4081899703477265,0.4607170241217806,0.5905988767022324,0.463551689117112,0.4019558561588311,0.42920451867972886,0.4376120181728589,0.41681585560386747,0.44622166699028565,0.58935087458689,0.58935087458689,0.5381759871839241,0.1269521357713983,0.44822080630541095,0.5868033058531584,0.4227570349245151,0.41483653708056967,0.4263554013885271,0.5101630390266864,0.4260073740508402,0.48709599750474264,0.4006628762601476,0.5901101038614998,0.5901101038614998,0.2111543015957068,0.5594967859080047,0.5453647943479585,0.4631166924242449,0.6011575401649636,0.40195136150159905,0.5223030701096345,0.40336664786688226,0.5467607934392854,0.24728829735127444,0.6106288758481505,0.5467607934392854,0.33830087333576486,0.5241310009870261,0.5054514714224887,0.5498953775462421,0.6076827172712115,0.37103446477578483,0.45117910114235094,0.5115252497725974,0.49858371292085846,0.49858371292085846,0.5307331431629045,0.5307331431629045,0.5363134144130802,0.5336357432715453,0.4357344364596145,0.47768753977630674,0.4746186354784818,0.46816448185211046,0.4714763675083473,0.5440588545278504,0.46400423035734883,0.5020576121573617,0.47383228053814275,0.3244062953637923
0.48969237756307993,0.4333967814821834,0.3852363981646927,0.5144281967876251,0.6047707397786689,0.2922917208974527,0.3364656140940556,0.2922917208974527,0.5040632526146495,1.0,0.4398679750607011,0.4550966919684961,0.5534289146195595,0.34075465600838084,0.5512625368529683,0.18469699173108112,0.47691089601999037,0.3224540220432064,0.39885884674238725,0.43077377751406853,0.13195199569939842,0.3958468034494046,0.42890788796184665,0.5107553892113709,0.5296836698390491,0.5307832762664662,0.4918150134807957,0.39522474527313156,0.39631696670347605,0.4771887014476903,0.43773635002837286,0.5453768092800054,0.3354099239342929,0.33873406398875083,0.49170448725374005,0.2648599846870512,0.411735740801492,0.45488107254904553,0.6068906870643496,0.4502469195739387,0.40532102863137043,0.49313467714737136,0.4893628607570477,0.5344500106573639,0.3864567082331314,0.43478655774824326,0.27838927595865215,0.5927127270702859,0.5473414524610123,0.4621764324854365,0.327749555438569,0.34258897888385653,0.38997351298067195,0.3370549780088774,0.32112177846230816,0.3050034889486064,0.36474873344596825,0.3346684982827657,0.48024365016892656,0.3806610699349078,0.44545198037496747,0.4682979893458643,0.46107260330318023,0.5087884644102094,0.5369771195655803,0.4379687244960928,0.39733696481566294,0.5128986718519742,0.40614616363855305,0.6192177878321808,0.3871075797596042,0.3551717049038198,0.4033770204857541,0.3292507084809161,0.41058170086577284,0.4153012589047467,0.3894970134177491,0.4575737424877362,0.28084668286198,0.45330020499885837,0.46386428829303483,0.38167218129285274,0.46119755499642023,0.3880402305463857,0.5034811201962389,0.42271833065557907,0.3390381143692196,0.6044773352319921,0.5792159395721991,0.33732213882646744,0.3815695299125278,0.4326520391309798,0.4244665878456074,0.42482189405943116,0.6937090673548769,0.6937090673548769,0.49917058940934345,0.2690872080008173,0.47069749527691007,0.6194976764347411,0.4964912707342275,0.3238036789933987,0.3381486760632999,0.44309678599487423,0.36113540852819925,0.4901511945049316,0.45840153489127045,0.5628263823648372,0.5628263823648372,0.2451911256400452,0.47211811149695726,0.7138474091914524,0.5119747107445126,0.5338810787339933,0.48134469366393307,0.45492299888881704,0.3335150524655808,0.4633769628647124,0.0683538834550611,0.49944609156703645,0.4633769628647124,0.3197543923509524,0.4863520429229744,0.4482292720097518,0.4959392593036904,0.6406073156444261,0.3155424205832168,0.5102307453669419,0.38983698637276043,0.5083826378947509,0.5083826378947509,0.677721552881632,0.677721552881632,0.5769881878332377,0.5387585378164841,0.4326120708217335,0.5592012273368296,0.43891966745808886,0.3363121064758883,0.45628162947654727,0.4769163101226841,0.4733110187348124,0.41441474670018197,0.4239313880847462,0.40921703146383526
0.3230902985817281,0.4359620960613373,0.37489128306620056,0.3799780742371879,0.4467058091126672,0.3022121765965302,0.3298525725453929,0.3022121765965302,0.4872817884811954,0.4398679750607011,1.0,0.37648160285099985,0.501828166748081,0.39024045667730567,0.49345572458547693,0.1926917089343343,0.4313235916923589,0.25017830223064763,0.3584201425852982,0.3979227505717339,0.21338506627990217,0.4364399854039076,0.3276793522684688,0.5104149396879332,0.47529521019472054,0.541472934429403,0.46455645435846105,0.3744777018486376,0.36885427795481385,0.4609910155587442,0.43919403683418134,0.5112006052778512,0.34781383965111523,0.40275945276680236,0.421385149794709,0.3726876453673721,0.4454788797940509,0.42965773183610456,0.4552687797343842,0.28928063900689116,0.4074050967138555,0.4125973764677233,0.4138790907330936,0.4209666069777578,0.35805069688025515,0.40018947756076706,0.3442501111707055,0.4875528276586085,0.3979327993592494,0.47116836124940353,0.3439106417101536,0.29350112057211963,0.329903418590901,0.26034666092605563,0.2957724236890362,0.23620485811117398,0.3079962170580893,0.35189803851737045,0.3929037547875742,0.25103630703453805,0.40708344374155603,0.39414526253880233,0.3851400311306321,0.39471928598788963,0.4729337229755086,0.40343496668011136,0.35936392558022656,0.42371587892823914,0.3343351609368149,0.45242066973274786,0.33511321983000286,0.24358615069730227,0.30856561020836826,0.18837811468968013,0.3359289496289659,0.3771220242199753,0.3840910608984671,0.37664386346872303,0.21694682878889726,0.36497169598905577,0.4436036547538377,0.28199180956930436,0.3881375566507086,0.36566744187128364,0.34466915155973854,0.39102916065419957,0.36639478966595695,0.49084741882115723,0.5136089583896969,0.40535747908630315,0.3728251690387846,0.3727197010213976,0.3520825454976444,0.3812590419449837,0.5049928678343464,0.5049928678343464,0.4862802591138726,0.1586132039284156,0.40262112301955466,0.5026141079987093,0.45270454752096434,0.3015823601316183,0.29544747488101564,0.39890438377947124,0.3015381403982583,0.42187363533860744,0.4543720704854757,0.5198892227915805,0.5198892227915805,0.2397329256226789,0.47732065984600425,0.5189031194198399,0.4716448419424155,0.6471909168539438,0.4208363200113344,0.3544339266937131,0.2795330145644912,0.35682527539212794,0.1543593188333574,0.40757370111265034,0.35682527539212794,0.2787033601445186,0.4264451877842329,0.42562150342116123,0.45680158129597503,0.5361005336174393,0.25162682879413756,0.4405768571273616,0.4651945993045532,0.45348076295033657,0.45348076295033657,0.4608939647686734,0.4608939647686734,0.568850948022515,0.4706331062796947,0.3821499922068661,0.41379431036788394,0.3200452608620129,0.35312428161699805,0.43935054201701784,0.454542210864321,0.46810725818783205,0.4383334099707592,0.3838140062358486,0.38850933069726346
0.40263337516480346,0.40913766102329197,0.2777875751474371,0.3679258766580511,0.4253513036711196,0.26329861295443335,0.2867606069157077,0.26329861295443335,0.44346581241578,0.4550966919684961,0.37648160285099985,1.0,0.43727783522992625,0.38858495371218504,0.5905103348090767,0.1317821578669205,0.5233673418157944,0.28465496234162524,0.517567369601647,0.4980150904800764,0.1678068073833221,0.36419312372409907,0.2808483808367679,0.46863369630133433,0.46952910506202605,0.3991376729870144,0.46224250478953577,0.24010626913871125,0.36006828738876473,0.4244333309851164,0.49342350566831295,0.5448681564175447,0.2607154363242774,0.3185272695439636,0.4855002634383202,0.1826813762428603,0.4127941217890989,0.4348096755658857,0.44100996478056254,0.3628802624009826,0.398976770612681,0.44994806919274266,0.3497356050538907,0.376256984910607,0.43895596575962603,0.47027142333535,0.4413309848934739,0.4875731810443369,0.4655785502587021,0.4246534464402525,0.2700152459231755,0.2584641082471284,0.25457912980001063,0.2623620267111624,0.2588177422498863,0.1932319081555085,0.23308343517382935,0.2703929356893323,0.43039189174521486,0.11144620600507138,0.3753744905286023,0.42564278776848363,0.3711901251714176,0.3466865622804287,0.4180722732381196,0.35551556750335145,0.3152706247085654,0.36656496433916774,0.30107204593579384,0.4331067399317403,0.2915680412900885,0.32468805830004444,0.22448271336012104,0.16772223295055588,0.2796499812311146,0.3360850052778849,0.29497611591260453,0.3366811467688805,0.1302108185786115,0.3640859065825297,0.3809686532672406,0.3781169072579882,0.399787581185143,0.383751173453572,0.39938887775548493,0.4177879005197047,0.4427702823294002,0.619915701221575,0.4604995474900544,0.28603177692958726,0.4043491317109378,0.40422131137611306,0.370796476389487,0.4093120421657759,0.5775461109543406,0.5775461109543406,0.5175339310465007,0.19182995539762093,0.4506015840591443,0.5784960879572504,0.4505194713038684,0.32509406047884903,0.3364868981035398,0.40565643616899505,0.3544702340659871,0.48315469683513135,0.3847426030306016,0.5473796270599244,0.5473796270599244,0.29628908608505267,0.3954096119955015,0.4902352099958308,0.4313956290775607,0.4631027384093962,0.3854225278393797,0.4343190487249401,0.574163989000372,0.4608204586457063,0.22018625803879444,0.46380597237797216,0.4608204586457063,0.2536552142837709,0.5122470770675829,0.4868024013434853,0.5268179242072235,0.5700565744724421,0.26880210990047826,0.4190059204884544,0.4123756466001809,0.43252198424516086,0.43252198424516086,0.5184502790490348,0.5184502790490348,0.4196978598995298,0.4909373143488971,0.372290150879955,0.4173847092750238,0.2699150571592237,0.34157734623209657,0.3656326828367298,0.47254987856075104,0.36142531044830384,0.3785088635839645,0.4149059365603044,0.3645404864908065
0.625980756059447,0.5262663023353696,0.4070043377101029,0.45635782015533444,0.44427056241197305,0.22852302011591163,0.26336965595203976,0.22852302011591163,0.48416505050530567,0.5534289146195595,0.501828166748081,0.43727783522992625,0.9999999999999999,0.40628331475135093,0.5732706297546597,0.15122501647476239,0.5041137534243776,0.3515729809926098,0.3753643781183328,0.4242305229012767,0.15560961781328264,0.4474599266052235,0.4762871493355947,0.5369164620341638,0.5980857307434359,0.5141319075658357,0.5429775577647109,0.4685045597358015,0.5000267445323494,0.45081362791655777,0.3431760545284266,0.4533092396795795,0.356746671439379,0.3962479927318556,0.4854842212399455,0.27892601056429434,0.4422307062800329,0.3542843903438806,0.5563687553119508,0.6001647635700416,0.396402845783671,0.42703249815250266,0.36852273391402635,0.43589770438576414,0.4396771772226298,0.4329634604689885,0.47700348698368833,0.5656281607644255,0.5865719445410064,0.4501067400364247,0.30407281939165676,0.2822296101892777,0.3013755092189454,0.28873040314603293,0.26791870663924855,0.23020291744184296,0.30543000522142305,0.2965793456914536,0.4154646178379847,0.2253155538681535,0.43739774100112294,0.40171008427167876,0.3937537700785396,0.4132772878499549,0.49071078995754513,0.3838058776570814,0.2826981815421744,0.4608604875363157,0.326159979959987,0.4543719905622019,0.3311372226631414,0.30976270506211645,0.31091646500847203,0.15399080888233474,0.3486227765644716,0.3418683152122515,0.3481464835418663,0.38073144101744694,0.2188093275617491,0.366051561649674,0.3886311532366593,0.2850172465646732,0.40442507246258286,0.38935761773380473,0.6353680825995,0.4727386309409837,0.4433089834211178,0.5925382083956986,0.5544523547011169,0.3779921882459969,0.5683120229918481,0.48964250567714807,0.4654648230055398,0.5138443620778619,0.5705836221863843,0.5705836221863843,0.5475264508297336,0.139923357987086,0.39353947570777326,0.6140529510141436,0.47356391949944343,0.3356788111561919,0.3693093996430973,0.4662610835725516,0.40395151917341576,0.444900786993623,0.42055883675586425,0.558229971462414,0.558229971462414,0.3085839414210123,0.5638798425128001,0.5537701225441768,0.5888405573671478,0.4864642679124803,0.47391605497824263,0.4200012074492252,0.33566644632564613,0.42140149926066384,0.1842740240656232,0.4556127094091085,0.42140149926066384,0.3157730605632395,0.45556979339088355,0.46725331379572177,0.5186427423571912,0.5462348790031202,0.3532976921049835,0.5884353806485153,0.55706306489325,0.515179267539738,0.515179267539738,0.5328256468128028,0.5328256468128028,0.5171965510770444,0.5132766814577536,0.4595693131268208,0.5439114150529366,0.4001863908026806,0.32854334392042883,0.4713696493321311,0.5025369088987282,0.4400104971002837,0.4256328926421882,0.39228523677568905,0.36648537988660945
0.38272343646517226,0.3832895918572763,0.2515662267927784,0.3188281528790926,0.3832267895495344,0.2776662518859141,0.2771991282577646,0.2776662518859141,0.3712371809134428,0.34075465600838084,0.39024045667730567,0.38858495371218504,0.40628331475135093,1.0,0.5974594945534567,0.2335413173206452,0.3944791967478858,0.3152032850570753,0.521995981177968,0.5244659860577386,0.14390640799367993,0.3265914883622525,0.2736569479025278,0.4470160345087981,0.38473715258155905,0.41462050669653694,0.3984784630912209,0.2792801666147373,0.3516212757103153,0.43087446397806195,0.40269427468805596,0.4456146489065518,0.28117554455686067,0.33648650922246937,0.4154104233719219,0.24361109453354957,0.4317194891931233,0.3417509120640432,0.3401698627670663,0.35266522763018715,0.47507911794598434,0.3160820620010055,0.3188018053955588,0.3247667728246786,0.45472508860781724,0.4028329258153508,0.32178220635298826,0.4508874923076248,0.39838812329382955,0.37130789698513444,0.2296789973673914,0.265507856002547,0.18986825943516306,0.16251409882711476,0.23418742494692013,0.19949104092710368,0.19933339055679378,0.23096142048216117,0.32265942936856973,0.17548508951884578,0.3006457201666113,0.32541013269098906,0.29707802710870057,0.2788197582117662,0.2936295797140813,0.27729963901460475,0.24517340245690433,0.33596019596545124,0.24629371687161516,0.32002650448908854,0.228753410940995,0.24348099955412417,0.1981342168610999,0.09656566365712871,0.18727333341612729,0.2689309435940448,0.27757888602311254,0.2531326905087905,0.10655614007651837,0.25316485820136125,0.40728683479351946,0.23684780474113665,0.3625666447495438,0.28433901010459484,0.3864102132984991,0.4667802113892209,0.4728891570607705,0.5077521807463825,0.3391111688270947,0.3073237723404145,0.42258437882237354,0.41033490347110113,0.3757759582290301,0.40621931357487107,0.45131355115983474,0.45131355115983474,0.49419073553586357,0.1658517097610912,0.36475565219866546,0.46948211253406225,0.3281298523577465,0.36701473408423113,0.38975979101853975,0.4243057704714881,0.420393441785334,0.3536689400728914,0.37414116919164386,0.4917337952606875,0.4917337952606875,0.28043089874557725,0.3858622455773648,0.4030990289486176,0.4019329499130061,0.3860382907496154,0.334873686166971,0.345010411471536,0.3171385369891817,0.3738276095474924,0.14383478375602032,0.34971509615148366,0.3738276095474924,0.3695598170167804,0.38194447551450106,0.5639257090192894,0.5778127252238127,0.4440037597050783,0.34234513800941413,0.33785037898252923,0.3553067174394906,0.4853529429309078,0.4853529429309078,0.4632653477295243,0.4632653477295243,0.3636751517328466,0.47299379793177865,0.34786201766018254,0.3826793907971644,0.2800383101736198,0.29897865110031385,0.33407524822838486,0.3576567408509438,0.33483944796969367,0.3213547631062148,0.3540359571272814,0.2722377357860368
