1.0,0.27706708647581413,0.22044303212080785,0.2669580343380171,0.3079021475923094,0.4676129034040145,0.3170528440143956,0.3261613960901105,0.3106966511816307,0.348447010902292,0.24900064764056917,0.3231330058182451,0.22243320200515548,0.24394113118340033,0.22410020730510205,0.29435598910449934,0.3441672725732321,0.1299334710085206,0.3061397498994498,0.24173180608620048,0.29702210238919524,0.349942199377561,0.24114799683675514,0.2328759609180634,0.17312346151043323,0.060860391105817646,0.34298415260290316,0.2850459514500636,0.22429139626790484,0.42119399069098007,0.27412283683996796,0.36063370214786794,0.49487777758525764,0.4726525579628571,0.40669395999506763,0.42275331757898293,0.44288323437080357,0.5109022222840874,0.4836119404513861,0.38543034783143315,0.38991196344745505,0.42635816087650036,0.44861844062064327,0.4372859533437392,0.4790648235193373,0.3871207000623039,0.481471362467601,0.4480344897807267,0.47087026146460054,0.5009706526029153,0.3382080430855605,0.39323589369023404,0.4511042626526012,0.4780710865268174,0.4394790928199419,0.3908795440901889,0.4284941921197728,0.4451300040315299,0.465105326764375,0.4349475901476484,0.38921880607999715,0.5062341327547455,0.44145537603893104,0.3895319561141868,0.38839671329521774,0.39354266230807355,0.48586176918114377,0.4791897104885552,0.45408691645108945,0.4459959176697894,0.444825050467786,0.43959507002643416,0.44738993754798595,0.4387091875835032,0.4361792206552959,0.4558896122079956,0.47306356066585276,0.4206788578071259,0.3766761955571133,0.47791404215670896,0.48682929001712216,0.5002392684642372,0.474633567045047,0.44466323886295456,0.3129422837120377,0.43889021456509125,0.47301737134322996,0.37656375775779627,0.37185587956358446,0.4086874614650887,0.41802614042215824,0.4622817909191922,0.18078724134831992,0.2388560468644192,0.2491190868326567
0.27706708647581413,0.9999999999999998,0.23367236871895247,0.23960307787049873,0.2940524999605455,0.31527532897940125,0.3208478899090895,0.32715217490482407,0.42494282251383253,0.3532289627087766,0.305877279207487,0.2396452063611354,0.08603602779407415,0.12328172446827845,0.028853859449116337,0.2013674297047977,0.4887467284674838,0.284060804251995,0.28704934452799913,0.36547501297491924,0.24020172628149572,0.4130999305092151,0.23902654890404074,0.24331150031915205,0.17521059413678164,0.30433971477959465,0.3783714117963719,0.366495166693676,0.13027623215967798,0.2488144003471643,0.20490589954354688,0.29180905526397716,0.2910576518008273,0.26443921817115434,0.19675460261809907,0.1950328799997152,0.24447813171588129,0.3124846088385873,0.30408013753250285,0.208810203280541,0.15343231088793796,0.23018484458518607,0.2833300286313867,0.19944566122762497,0.33091368010457733,0.2155512272644855,0.32599145439783095,0.3463759728622945,0.29203386477055404,0.3120402882239528,0.12883433837156555,0.12729256215942197,0.24824821942053532,0.2543272642927912,0.2781742806796562,0.19563200010508008,0.2810629677440347,0.30655379460612153,0.25232377036323483,0.32363416356372854,0.25740554516976255,0.3098870045046297,0.27665130771286595,0.26993081508917616,0.1603229833190707,0.29945843012285345,0.19981153424742504,0.25748679046712875,0.34106888400889424,0.2752152402037651,0.16010302368462437,0.24584913501840733,0.24584742245628044,0.31599980404633377,0.19993590701234953,0.2758237068065661,0.2941508470242744,0.3885094385489283,0.3133583317977082,0.2677440809274445,0.1419610440859158,0.35367998328483186,0.1863952308143757,0.10909432426355636,0.2150877414488307,0.24226756986508913,0.2735231902845774,0.18873168344556412,0.2641713935848238,0.1946720093119758,0.25911685253387984,0.3287018395818937,0.16312771061164344,0.2397242194783601,0.18734101153993277
0.22044303212080785,0.23367236871895247,1.0,0.7001024128980413,0.5598121256782786,0.2928640474092208,0.14438469228469308,0.2718662055984191,0.19010039542830492,0.3398106856463583,0.38469544723336746,0.23664060680568322,0.2834652466107286,0.21082366592449253,0.16929956199906382,0.2355846066931515,0.2355144336340972,0.2086981128055042,0.38935207867028976,0.20176867301760515,0.266448537564286,0.4620358191707338,0.29118688495182243,0.3955429647668005,0.3114096525064125,0.2235717828672793,0.4082204727886064,0.2653666330950101,0.21310153479490568,0.32433857398775345,0.30601032762822145,0.32634194249079507,0.27358088297460714,0.27608035999751745,0.27258075658422465,0.2761992541788496,0.26906898895271447,0.2999361564244821,0.2905703475929102,0.3088537628638006,0.2771654694324276,0.23189032959474665,0.23845628338773683,0.2771693714916116,0.274335226497594,0.254605406285882,0.308342548553463,0.3227062668109656,0.2707569581086996,0.26327280072597725,0.2830682702166536,0.2178231305053192,0.2548986533683082,0.28486225145010313,0.2738775283379278,0.29976437358061336,0.32299764664996966,0.24198538870264386,0.3264357934589759,0.31621262282079043,0.28593309664341415,0.2889137526400197,0.267175596734619,0.28735236872548864,0.26154841614113966,0.32681104653294724,0.2517393811964077,0.21135381667284625,0.30042977866094944,0.29543712707375236,0.2811914201986443,0.2633591123360941,0.24745610045996203,0.2958218600495436,0.3156246848689621,0.29236919278716966,0.2595881945154005,0.32070501324175127,0.35524095380107357,0.1934860924117161,0.31610725075766766,0.3120698776081099,0.3029886802012607,0.279337711759994,0.3260777148013334,0.28918772566494333,0.3182241050275382,0.29199400405083487,0.31936148352528804,0.21867875670881765,0.244811920865724,0.2690876582233541,0.30595996882560483,0.40563573719680734,0.1603836480459212
0.2669580343380171,0.23960307787049873,0.7001024128980413,1.0,0.7884776248019935,0.31013333606263327,0.23291285797219397,0.3065526614908398,0.2890145642427797,0.3555264733184125,0.4165193796724853,0.2600626660363976,0.2833795295776389,0.2326844862823707,0.24342991613705278,0.2665515427480749,0.3362299150921567,0.2604204209358356,0.49928185953431314,0.23443241191606945,0.3096160852760579,0.455630362959041,0.24187822594371644,0.24617561108137953,0.17941738418865616,0.18934055547729978,0.45395669707946007,0.20946677319948848,0.20704883446834843,0.28632165271951393,0.26896444482624626,0.2592739504670776,0.2722163841271805,0.31835230302789497,0.2403823072144985,0.3560983514511544,0.24413990758644355,0.3026614410861739,0.29392268181290937,0.3807453813350943,0.3597837977403824,0.2977511070240946,0.3215565844534858,0.2987504500906458,0.27295161743213514,0.2591237095479988,0.3308689344495579,0.3446475643469997,0.31326100705174853,0.28855390816220083,0.28901738927338094,0.26906452511900747,0.3148163681814421,0.29447908984088833,0.27902448047932293,0.2861724886896022,0.3654001270466928,0.26610553125965497,0.36884302719724293,0.37145879780651825,0.37983849086618005,0.3542587961580608,0.30915030277418976,0.23866632332856552,0.3637353623412233,0.3304739209464924,0.2742757571032729,0.25163175752740485,0.26976213385964587,0.3008455358927279,0.29961765944812013,0.25668547884303594,0.2516787853785395,0.3157294995365597,0.32257993183004496,0.28152516043685805,0.28476211886248914,0.324047169704788,0.38123286951503754,0.24326555723393517,0.31145727327511286,0.2757974866932251,0.31209371570591826,0.2981105176096728,0.32685219287869816,0.281561865081839,0.31126735379354065,0.35101810284647916,0.36582000591033426,0.2556021628795744,0.30451412989652016,0.29438206345909756,0.28355016606903627,0.40820700833651724,0.22000892334409516
0.3079021475923094,0.2940524999605455,0.5598121256782786,0.7884776248019935,1.0,0.3486895028411694,0.2632994133782667,0.3359801190968761,0.3585218662555193,0.40514031708873277,0.4265972908535207,0.3213822299944442,0.38598811898689356,0.26097110676238566,0.3634682165816423,0.35070289958330325,0.4167155653041239,0.3009031847935899,0.5650932127206522,0.2627600993505401,0.2811331014443853,0.4268324363742142,0.23744595166435445,0.2316885540934891,0.15742662489780945,0.18496045166554376,0.5783258930188849,0.25229146633977817,0.26847770897065915,0.3790977521047718,0.31725010411477106,0.30890254077608525,0.33315686738758,0.35324092186233735,0.2779496200667846,0.39875940132879095,0.32487628162534976,0.3953899713163307,0.3308245669226739,0.3854045337848009,0.4036366185998179,0.3531197547748872,0.3541253106516167,0.3543583856794381,0.35419567678170627,0.28439763249370076,0.38208949193357866,0.35038514172276736,0.37178023383923575,0.3174756526511522,0.2881150248738946,0.31548186649609145,0.37751173687417794,0.3110806716407599,0.3751466282725806,0.3269430790532515,0.38962784180117493,0.3477132179040392,0.37406011137422235,0.35747319163100566,0.41470316213410807,0.4232129341492503,0.36665994433913796,0.2792504460853318,0.41046784090666055,0.3715076445237947,0.2751329258341203,0.31770215620310926,0.3473673865944473,0.3468049411073848,0.36801904515744766,0.2917110208935634,0.3099205875726274,0.34029581264641817,0.3581051817292604,0.30986468826657654,0.3286771780463078,0.3007634622869062,0.40750688194265294,0.3034383597438859,0.4006424113692071,0.3264831628852152,0.3935406116936322,0.35476945772021873,0.32525470481953067,0.3063135689208927,0.338700918509131,0.34319860647191613,0.35012272937152566,0.3301707953830728,0.2968859337173222,0.3578926924306387,0.28740689245333306,0.33031398611305207,0.23208252964638687
0.4676129034040145,0.31527532897940125,0.2928640474092208,0.31013333606263327,0.3486895028411694,1.0,0.5832632645732923,0.36743398789155235,0.3187936235166917,0.4429449058194006,0.3183537002308243,0.4011538483042416,0.26263141363997833,0.26485752725172174,0.316303262709125,0.38386864493814465,0.38265490034469696,0.08233542306795771,0.2650325016893401,0.33392731620925575,0.3280314435528222,0.3646145149911806,0.2738934969365252,0.3484805234902304,0.2490723745782537,0.18050725091125341,0.4228977812296807,0.35383751006677744,0.3373840765918794,0.5874980568683542,0.41596111544348946,0.5081936239381242,0.43424505166777827,0.5616962731463983,0.4235091197795483,0.43476220686379463,0.5414747023038523,0.46537094186106887,0.5190242556098377,0.46042967921687805,0.38500891086201583,0.4509047077697774,0.449072436549772,0.5346786588495512,0.5736557588004697,0.34413988834732423,0.5141495596131624,0.4558640988082999,0.5517225607162171,0.5014594333585334,0.3347750718795136,0.3506872875894653,0.506465371438756,0.4777409803256505,0.5260919027225249,0.4886702413327284,0.4936510078867923,0.44761922436692825,0.4350311006873617,0.5045201887340164,0.4477305675126161,0.5544361676091771,0.5074281052949705,0.47354671044197305,0.4027243578632069,0.47752164826890264,0.3703688179321387,0.5070713102097767,0.5053995521965644,0.505581657974861,0.39364555010791047,0.46191943832740967,0.48981824932767815,0.49116020721437814,0.4764699712104019,0.5154880423999426,0.4989153972630661,0.4212217933089899,0.4335903283074921,0.43121023018112836,0.37531954233988674,0.4382393511556042,0.41238404381398563,0.4008959122582749,0.44927665036747233,0.5500243338319855,0.5399731556866495,0.4776811488106175,0.47880437814835286,0.4221154309479248,0.37717756646470335,0.5791016689036657,0.3841362195234117,0.27577145840653516,0.2164567279606301
0.3170528440143956,0.3208478899090895,0.14438469228469308,0.23291285797219397,0.2632994133782667,0.5832632645732923,0.9999999999999998,0.3003560706794419,0.28762033461320924,0.32710896118132826,0.24246385458125053,0.2777916268938032,0.18011219680928836,0.2510595566815693,0.19794186426768534,0.21837984614023098,0.36656373573314394,0.16461598853731974,0.15590801165505752,0.3579127567825525,0.22332987964860207,0.34378905371520707,0.1918575272545625,0.22990308903478984,0.23095019567505537,0.1574132767483769,0.3042483475301194,0.4825314368003608,0.23680027349307498,0.39595872861336723,0.2887984454464714,0.31981010710210134,0.2752762044810908,0.37775663870110754,0.30846875834105014,0.3399957562419298,0.41771020935382663,0.32340088323064164,0.3761663434388951,0.3891901189668787,0.3213837744225865,0.34784966723650523,0.3370332598418575,0.3586826180264411,0.389571359284262,0.3201984774676069,0.3835776941947213,0.3778283742684396,0.41543130042040144,0.3962579719126711,0.2333916508820051,0.222382549739072,0.37473926205024743,0.3955094912165005,0.40260365770677375,0.3585991017294916,0.3652676925940922,0.38324707216938136,0.3239355363017068,0.3935015923874978,0.4151188180483538,0.3885171552475748,0.4270618850007142,0.3844788867962796,0.3276401404140381,0.3641582634616827,0.2636725507403085,0.3368169456052248,0.3767958919929959,0.34941465797701654,0.3216159604449641,0.396765648642844,0.34709348529988215,0.3287364997812572,0.3488055455078183,0.33393788835461446,0.4158678213969422,0.3935335438173635,0.2902605655051298,0.2698047330683466,0.2781564667649392,0.3653096716744284,0.24735291246553182,0.24931299241573956,0.38811350676344425,0.4273109411802649,0.39683798759693656,0.37844067276198734,0.313769373361805,0.25338036285762344,0.31400516375875,0.40317620713642777,0.29811709841752,0.20423298225411046,0.19831824371174456
0.3261613960901105,0.32715217490482407,0.2718662055984191,0.3065526614908398,0.3359801190968761,0.36743398789155235,0.3003560706794419,0.9999999999999998,0.4388207462089655,0.36743384867225615,0.23127879357458447,0.4731092220825912,0.40994376435982227,0.20937020545525242,0.3595561539407752,0.4090987500388973,0.39969792184338293,0.14062979952668442,0.22192296950487522,0.28161834486752846,0.6011998423764897,0.4870158852716103,0.31013370666436146,0.34863955899051136,0.3161850521402372,0.10715329357821757,0.28783243253988333,0.3158768628676639,0.325071840146286,0.3777140350248568,0.5426037342316872,0.2690403614373529,0.3958159230859546,0.4191929431852517,0.3887063470369536,0.45135585498276476,0.3928777169694312,0.33881202883596506,0.3107293881060593,0.40131735630892185,0.47684340968589467,0.3860244649821205,0.6530898951753382,0.40418438115373856,0.44935147813826026,0.4137907434847554,0.7254386345653293,0.8607608274265084,0.441765511563706,0.2710279837226104,0.39788166736716923,0.3133194916757166,0.4133636404439889,0.3967123273940232,0.3855151509900656,0.35204731964855673,0.35624741618489897,0.30870460382539344,0.36720564992944105,0.34744541280592467,0.34037606511358265,0.4537046302310215,0.4505746369542436,0.380126536977509,0.41247399306112686,0.4219437774087714,0.4043870423845105,0.23324425965619466,0.2984678736750962,0.2543500371909392,0.42900729561853335,0.37342862348584793,0.2422546554804269,0.39994527350037834,0.44193357577148373,0.27353772171311475,0.4254863639508035,0.5110906630836064,0.3349984774957625,0.25966810858413325,0.41057987948001773,0.37881689381288886,0.391137762381334,0.42330994806213607,0.3870536388636292,0.31131760832424793,0.41375609491064225,0.3232899424575032,0.412607208038412,0.2821606076452432,0.3964702751693081,0.3915022161923596,0.40691418747290387,0.38522575024665984,0.40223370283740945
0.3106966511816307,0.42494282251383253,0.19010039542830492,0.2890145642427797,0.3585218662555193,0.3187936235166917,0.28762033461320924,0.4388207462089655,1.0,0.4424121418134105,0.2119961939589733,0.3001203399230812,0.2230479545653543,0.27126150024070295,0.18969213969535925,0.21268551629607346,0.6338419026807889,0.18458526110348294,0.215084896190885,0.201452978934354,0.21808291461614338,0.33816005972155005,0.1790309366685936,0.2286661088437938,0.13119923459134608,0.1691016794998561,0.4283610028709719,0.3475300661100835,0.12467889300426549,0.34875516894070246,0.18515302080070672,0.2787661816236988,0.31555054077707445,0.4491880660920937,0.3281434321216301,0.3873801686165341,0.36508165533719594,0.39068384213567986,0.410603827833564,0.4229972620345753,0.32116443684221474,0.3329690996992206,0.47326858825285223,0.35619995013791284,0.43197258813783623,0.4010323035496224,0.46485934495022463,0.47637218146614324,0.47758187066389346,0.4306229603016716,0.19080561547215136,0.16262804970619804,0.4521171875017467,0.3599557032441243,0.4165802592100063,0.32336992149033517,0.3047667726293529,0.4150648850852321,0.36028876610212646,0.34615567683358583,0.39418068423447417,0.4337149772609963,0.3947481486593033,0.284346454401854,0.3414377219104594,0.34309980142652696,0.35085934302576094,0.37895396102827794,0.38875430227380803,0.3961583230839194,0.2279114446363546,0.33525275691788137,0.42431551395403544,0.43227506621236444,0.28947941937950694,0.4193291871304552,0.4137704392456838,0.3941099642319089,0.41954134938800325,0.31195377399744006,0.2548356408769469,0.3920969531950381,0.2498628205688923,0.25859941284757526,0.33365616599892567,0.40733816358723196,0.3843023970711059,0.3645672407623677,0.36505849567469495,0.3335580208687625,0.38035535559898204,0.4989310985133657,0.23013971239157993,0.2039792231317541,0.3184789736180196
0.348447010902292,0.3532289627087766,0.3398106856463583,0.3555264733184125,0.40514031708873277,0.4429449058194006,0.32710896118132826,0.36743384867225615,0.4424121418134105,1.0,0.45118154240050523,0.38437446181329715,0.24597513560755047,0.35989741985481394,0.19630102436371577,0.36147519862525035,0.35570562828820906,0.34890074036593144,0.32289936226545524,0.29707130333494014,0.30850724139698404,0.5072742705147922,0.20303774178104894,0.38703495954289613,0.24561224765171596,0.13019260148112433,0.34974940428181545,0.34286986113778983,0.3143882879013904,0.36773319139350424,0.38651896351427895,0.2739645196100503,0.2902306457299808,0.31714186204617545,0.3483552967056631,0.3305344390053162,0.28634959332577314,0.31070714762828433,0.29523525580171994,0.3949896657409675,0.2622727877688744,0.2575004099808196,0.31479628167246254,0.3123734533326532,0.3767314019814372,0.26571859281034227,0.37663899144396185,0.35559529464414885,0.37615298255074525,0.30999766466760026,0.2058785541968654,0.2051435915844435,0.34758435598718485,0.35826448532283117,0.3365199142352844,0.3473028782595572,0.35250402743207343,0.34683675510385026,0.35831895338618025,0.38895076675106544,0.3671610687228315,0.36794028314692895,0.3286076799855776,0.32124029556745537,0.2947198820490179,0.3671818891300823,0.2486659295973559,0.3267887264205265,0.3380368930545511,0.3864005972365454,0.23943338191554275,0.3522624146783453,0.303674835902752,0.34789566021073637,0.3329013278940087,0.3294413470659999,0.36416143079045127,0.3582878383481565,0.2999054201881719,0.24751997651288093,0.2924291659053849,0.36779021474709395,0.27559090213810866,0.25012083214151337,0.3521478826585813,0.3467734385161798,0.3127504945282522,0.29969737995700396,0.3691881653134903,0.2195166422069842,0.31342145941767807,0.3869007836766838,0.3252168487916127,0.49866026399836627,0.34689863148039524
0.24900064764056917,0.305877279207487,0.38469544723336746,0.4165193796724853,0.4265972908535207,0.3183537002308243,0.24246385458125053,0.23127879357458447,0.2119961939589733,0.45118154240050523,1.0,0.31748341021823956,0.21455818112241953,0.1453705495342501,0.14539205990895865,0.2886286143189416,0.2787082262883145,0.2811873346730006,0.35313668190198677,0.24203410585247698,0.2535325099671184,0.6227625232176692,0.3260620280892632,0.3327828999978387,0.20538267465986848,0.29305042164446093,0.383786397230671,0.25033877547457317,0.21183139045558397,0.25580691914044773,0.329599518414321,0.20869419619728136,0.30341766151079574,0.3503811123841116,0.2946301215926306,0.31236881344474776,0.2840542519600442,0.3597270892994875,0.38859442365913677,0.33816387272465553,0.3209155999043508,0.30910494848782544,0.29007027932008955,0.2864461154578827,0.3350754461867467,0.299791121410687,0.3212513616586362,0.29562039426310127,0.3494688300082084,0.36218957049974865,0.31213281755538125,0.3366905443677486,0.29202635657437725,0.36947494899919797,0.341654910043673,0.349808501436346,0.3714050586190989,0.39362683600733883,0.385243492979503,0.37595984256428006,0.37921181619636135,0.38909206576925814,0.3153792624923425,0.28925433433723335,0.3136899707974832,0.35855020231819656,0.22630232645978388,0.3481717406774839,0.3091058670306097,0.37675631831887757,0.3103413041476494,0.32370300163989585,0.30114476008568625,0.30262813277948397,0.35492847895806146,0.3154279750119514,0.3187717400379386,0.3080183208518651,0.323461177743569,0.2911832389157849,0.33300646853606053,0.30526652249366437,0.3778936935893975,0.28317570735439834,0.27239942657256355,0.3502228218741017,0.3294526946777844,0.29656259189130085,0.3307665588955162,0.27602668531393626,0.2547491653356935,0.34657679024928667,0.18737067228294835,0.44731114171577846,0.15182371364279468
0.3231330058182451,0.2396452063611354,0.23664060680568322,0.2600626660363976,0.3213822299944442,0.4011538483042416,0.2777916268938032,0.4731092220825912,0.3001203399230812,0.38437446181329715,0.31748341021823956,0.9999999999999999,0.48375770909761173,0.35710485924235336,0.36372556151832613,0.46672171539297214,0.302218578572925,0.21677106488485542,0.2567480121598763,0.21085626470700425,0.5872941532808335,0.39324467204449887,0.3526924141438602,0.36706163291497196,0.2556835378316621,0.20362497863391038,0.3618567652406943,0.2634623791095422,0.27584173915093335,0.3141380354874933,0.45105574671188653,0.24607002718247173,0.37324267656391996,0.39204046587130914,0.42703619022999595,0.3947557021472974,0.3411144454896695,0.3194648967628597,0.29903463726794444,0.4451989926298061,0.42458729196725253,0.3113357510666477,0.39215047660110336,0.42455748875888055,0.3826943741278519,0.36484445434880053,0.38228237303320545,0.4208174523669572,0.47367686095534045,0.22452443668201127,0.33225400294467766,0.2852219451780429,0.401710294831064,0.6956013059339258,0.41858011193309563,0.3716372315246298,0.36814714331536036,0.2787411966829879,0.39341519365676225,0.2787142274824499,0.4813937441044931,0.41012663940385496,0.3965494236659469,0.3225727758736874,0.390078241772841,0.4275400149183314,0.28595530573702965,0.25574128126417706,0.31182290862275686,0.25215040341731054,0.43190504613951053,0.429191280861965,0.2593921976372745,0.4412406881831371,0.4045884192758684,0.285013143284788,0.35747312019980315,0.3170961390681304,0.2620574141228402,0.3266247078023221,0.39761226726239274,0.33080904931083,0.3645058931945543,0.38708459029889064,0.4505361515957592,0.3146000711874486,0.37813257856670723,0.39321100543777765,0.4330901467715468,0.31173521948954686,0.3239541672339823,0.34570384448292546,0.5085927691288527,0.33796779311918645,0.3298888235301103
0.22243320200515548,0.08603602779407415,0.2834652466107286,0.2833795295776389,0.38598811898689356,0.26263141363997833,0.18011219680928836,0.40994376435982227,0.2230479545653543,0.24597513560755047,0.21455818112241953,0.48375770909761173,1.0,0.20217876633689347,0.568712849590311,0.392035250289654,0.2298569191352543,0.2455372432899443,0.32167690494719003,0.13107509733491562,0.5114143511148723,0.23623538305355574,0.2813937215705551,0.2028957856892487,0.30111978906622183,0.21821285001212876,0.31800702248712653,0.25087971089300654,0.38854159224185714,0.31193022381689084,0.5270154032405499,0.23078012178360652,0.4164209838529245,0.37925726379144065,0.4059445090345708,0.4915047970004518,0.30959915183295506,0.25159481951587004,0.26324960395161245,0.41250867657070645,0.4420304278459276,0.32286231739947024,0.3574593691554838,0.5157113668591667,0.3794004448716578,0.33565574212556404,0.3719248051761914,0.35644977483492646,0.43217606891849114,0.23390750306494434,0.4071388795553741,0.35505640613374845,0.42270456749599694,0.36993389926973075,0.38479269374204894,0.5535815528559049,0.32907363807450873,0.20213841189310455,0.383205306586735,0.292988592243564,0.44832536876344453,0.3637543129801126,0.3846718785604224,0.31895668740194427,0.4953725552120659,0.41467103643775305,0.3323095281821751,0.2087177501403139,0.2842598981217067,0.25032483448060094,0.4869827813345693,0.3899472553034602,0.24011483980837534,0.31313989153835564,0.4431599504198125,0.24987786923820987,0.36394950793737824,0.2621025107517314,0.2515069572819669,0.2761969834419271,0.4362663312595897,0.23597970620816222,0.3983707197677828,0.47965164492794354,0.4682701969833636,0.2641339940264934,0.3933481955025149,0.3691787369497658,0.3923221184789486,0.4120801479729488,0.34010637051700354,0.36110380721349755,0.5292633238840253,0.3053485470729156,0.3741348268486111
0.24394113118340033,0.12328172446827845,0.21082366592449253,0.2326844862823707,0.26097110676238566,0.26485752725172174,0.2510595566815693,0.20937020545525242,0.27126150024070295,0.35989741985481394,0.1453705495342501,0.35710485924235336,0.20217876633689347,1.0,0.20119781778227552,0.39819258192062645,0.20568335130434767,0.10345599372774206,0.15934439311746107,0.013359465504573231,0.2034861698152447,0.20278318118865024,0.18297560741101748,0.15241736367793335,0.0864208887726634,0.030868393510746883,0.18916322642767236,0.12255482377366367,0.234717801890735,0.2851483582227432,0.163666204680753,0.1281442072115091,0.24246728849760413,0.24177695294600354,0.15586844940868227,0.19894154258662022,0.15191737935969318,0.20030838930531203,0.1848623467605186,0.21701543132812784,0.23763096614058676,0.19150665921422882,0.17057785366417477,0.17666038420763042,0.1946587642019071,0.14367172553753216,0.17256084910991365,0.1849757567249929,0.2364064580280315,0.1431422148867505,0.1327157055836211,0.1764638160687888,0.23178599013102041,0.24139620575981846,0.23737148629411786,0.17186270506677936,0.29630796100153334,0.23344372395953983,0.19446391509530148,0.16245307011415322,0.2080940156977178,0.20228320523631105,0.20355665961615976,0.1878605322702238,0.16831067903178065,0.21919814210241428,0.11992625639162757,0.16358982237325148,0.1654897000101896,0.188034142837758,0.20883330954656254,0.179746701281301,0.2046074398353821,0.24553973535985407,0.16694827417203295,0.1505613487723204,0.16454254511045419,0.17050295663462367,0.16096233122899417,0.1733763987975383,0.19663307512894812,0.16043243818403585,0.18223276823814438,0.2460016944044321,0.22536479298405976,0.20123509575226595,0.16294377746408717,0.23254709875290136,0.19244032539521583,0.15824293109289023,0.17003997729249365,0.23061268311335803,0.2620465106342672,0.19684308059075506,0.2257176611845062
0.22410020730510205,0.028853859449116337,0.16929956199906382,0.24342991613705278,0.3634682165816423,0.316303262709125,0.19794186426768534,0.3595561539407752,0.18969213969535925,0.19630102436371577,0.14539205990895865,0.36372556151832613,0.568712849590311,0.20119781778227552,1.0,0.2610391256800151,0.14927540321602595,0.16168480142848085,0.2160645685500997,0.13615675925721882,0.5006474006825713,0.17334509719165725,0.1821259703563538,0.1666443374908232,0.24226752616287206,0.13333773359117707,0.37711163945761195,0.28875545202495223,0.46450019321345315,0.3481478276332308,0.5442619046024464,0.21349746000655534,0.3915349123363343,0.40117535745790756,0.4126816134874456,0.5566209539258934,0.3914461522301398,0.19338022539325617,0.2375055708236813,0.4320768984110809,0.4594108498959697,0.37765957968897723,0.4109260308881073,0.5423082670094236,0.38421660020672077,0.338165148335265,0.3316578157783956,0.30870544369474084,0.43550162837968354,0.2417876259848022,0.4263435452357257,0.37395482198104,0.5066774847867364,0.27806653006763216,0.41080938302154246,0.47448400455523276,0.2900285128620864,0.11197515347933862,0.43056350167209834,0.33208049153708186,0.422660956329979,0.4664320032687228,0.47192373169220025,0.30227096178485346,0.5458642826525766,0.31370084799485043,0.38800768605014735,0.258315778621345,0.22797690564806183,0.25030538179012773,0.46466524130075304,0.4073098501103447,0.2755552604608966,0.3226322495621089,0.44501764876740824,0.19869988168576092,0.3827164747485776,0.22875463604399515,0.14256104879612796,0.19670378679101053,0.4657814298686225,0.15571908606766138,0.41352651906184246,0.5508598579173275,0.44164794473360036,0.34909153618045274,0.3964721659748982,0.3740853884837414,0.368483437564611,0.35751293655965877,0.4490061515151653,0.33306867249287864,0.511710289150379,0.17716784332001578,0.5283550868721381
0.29435598910449934,0.2013674297047977,0.2355846066931515,0.2665515427480749,0.35070289958330325,0.38386864493814465,0.21837984614023098,0.4090987500388973,0.21268551629607346,0.36147519862525035,0.2886286143189416,0.46672171539297214,0.392035250289654,0.39819258192062645,0.2610391256800151,1.0,0.2412499570437694,0.2639523405266295,0.28291137895476015,0.09665367842413863,0.4025710255460936,0.3296310643246465,0.25702950077927555,0.2984880268215744,0.21261615203782047,0.1457831703638407,0.29672486708076073,0.2659633937445467,0.374853076046364,0.3744444063200596,0.3695703855805975,0.2575059114492886,0.3535849659881415,0.3681171872816429,0.2794471457293528,0.33580643214421535,0.36501802295666086,0.31974025117797944,0.3036408657801706,0.300087501143932,0.38661216791855835,0.24987936882736572,0.27656206858525056,0.3315387032642717,0.3704395124445312,0.31135158624341,0.36063040829540216,0.3603806625281525,0.4078010604005873,0.2479316225715591,0.2816362094618008,0.30832054936497344,0.3400713136694522,0.33726393719413683,0.3694322752786072,0.3085698133827903,0.7259672752237565,0.33530833608923816,0.28625739119706783,0.25381214162158117,0.30086047971742125,0.34325784957770655,0.3428761308248244,0.31485001700137594,0.31819665715243084,0.4490808269757245,0.2344649528514826,0.24799760582925878,0.2494139377701693,0.28328674315511626,0.3815466482957881,0.3171498865780904,0.19614755402304274,0.38668974623774166,0.3074604520827324,0.25541741968961906,0.291575249307113,0.2426192866352339,0.26679379816471616,0.3002013649813289,0.32561318424952335,0.27211544360478723,0.2883764096137701,0.3541560828127839,0.3062999399129399,0.2949641349773766,0.358885717000081,0.29225022430335335,0.273408130137354,0.26593864415878854,0.3088231662063283,0.3630622206253211,0.3282214376024708,0.31505769915599,0.33056128937787355
0.3441672725732321,0.4887467284674838,0.2355144336340972,0.3362299150921567,0.4167155653041239,0.38265490034469696,0.36656373573314394,0.39969792184338293,0.6338419026807889,0.35570562828820906,0.2787082262883145,0.302218578572925,0.2298569191352543,0.20568335130434767,0.14927540321602595,0.2412499570437694,1.0,0.23755144246417081,0.26129165635467144,0.3123190526821147,0.2611152342833537,0.38200083237145865,0.21219992159141032,0.23612392643578695,0.1663193150883302,0.22062376256446692,0.4451326166295403,0.3507367659147689,0.08042418385307626,0.38144564675836,0.2084511722353466,0.3786039157220543,0.3406943958755373,0.42713433154474145,0.4096118726242146,0.39137008238801463,0.3858434403676705,0.42302135106501126,0.4373933354649293,0.40470338097749803,0.33188082431790633,0.3690652961330534,0.42302501072911025,0.37503595504859466,0.4210178999124561,0.31177401053785925,0.43933593683660643,0.47815021366959876,0.39757892268535655,0.41746118972914825,0.27887410822296177,0.2478777550951612,0.4135577816885898,0.39360723989512214,0.42241481233801026,0.38581323454289995,0.4040039189012882,0.39795822840099215,0.39044022281894786,0.3890072304554295,0.41103599890596865,0.422330391038638,0.39268892045416726,0.27905969978150247,0.36822106604938454,0.38882268858181135,0.3257731174833016,0.38391755231492875,0.42671841873213323,0.3914199101436122,0.2780898602551509,0.3375111031899063,0.38263843874723236,0.3723993314706282,0.32888874929288914,0.42364586815063054,0.44428997384152513,0.4766879621933695,0.47153062211151875,0.3683734196292948,0.3004816256474936,0.45953652083884833,0.2739643627798968,0.279086334836241,0.3771360945161977,0.38358819313094417,0.3878349818840334,0.37025603639677274,0.41712742322295027,0.30927211011707256,0.3374431039586865,0.4658353621658686,0.2819287913694385,0.2751392012440277,0.16646432333114325
0.1299334710085206,0.284060804251995,0.2086981128055042,0.2604204209358356,0.3009031847935899,0.08233542306795771,0.16461598853731974,0.14062979952668442,0.18458526110348294,0.34890074036593144,0.2811873346730006,0.21677106488485542,0.2455372432899443,0.10345599372774206,0.16168480142848085,0.2639523405266295,0.23755144246417081,0.9999999999999998,0.40458962523101594,0.26410540019820083,0.208898740363075,0.3052351433644874,0.156093543596742,0.32678116966240034,0.08757738327240505,0.22334033804907194,0.2698963179946725,0.21737196523192703,0.15508202043004027,0.13766446477446848,0.3209840147723436,0.015053067304503065,0.21952123065245444,0.1248535690651954,0.21523271885355122,0.1980217866638122,0.2218904882599283,0.19915164356743287,0.2084699673091135,0.14563550014563742,0.1478291806925045,0.19121123061402456,0.18030496643948613,0.1917979642963411,0.20811746812514698,0.14501493503990726,0.16541084576882437,0.137194654119976,0.17516948349955264,0.15918631109812142,0.12142313004501626,0.17417785527541885,0.2125768229584719,0.19249943239460998,0.21187361926455828,0.16126498572772552,0.26538982924098886,0.20476734491507798,0.212187646026322,0.1934597755032722,0.22486976974448525,0.2497745753718551,0.1989016231833558,0.18082996874182267,0.16361149862960644,0.21724700595007418,0.12347715706210538,0.16765255653216982,0.20831607103096428,0.23188410797128922,0.14608125921391002,0.16423100350753572,0.1639182058660016,0.21058851835316605,0.2370613588559385,0.1750284418039646,0.16373862038393716,0.18281803979553324,0.2133787425442244,0.29916473732775095,0.18948896517130054,0.1838789719220829,0.17103267788143084,0.16265301164010304,0.19289668122921078,0.18604727393209197,0.17670799712283347,0.13268523385264386,0.10561247176134558,0.23817032180212006,0.26675444195612186,0.17961998997922246,0.22154166584321444,0.14454222926632987,0.35207180619197864
0.3061397498994498,0.28704934452799913,0.38935207867028976,0.49928185953431314,0.5650932127206522,0.2650325016893401,0.15590801165505752,0.22192296950487522,0.215084896190885,0.32289936226545524,0.35313668190198677,0.2567480121598763,0.32167690494719003,0.15934439311746107,0.2160645685500997,0.28291137895476015,0.26129165635467144,0.40458962523101594,0.9999999999999998,0.18449152529307677,0.19621067373222734,0.403428502664526,0.16401904999314854,0.2296129838905565,0.10936702946657517,0.24378202602481613,0.34065936679016384,0.18559869364917658,0.31285038400012133,0.3262754383496881,0.26071887650418624,0.16911862822745904,0.25032030759437185,0.24237590009089316,0.1857497647915496,0.286669661891936,0.2307341135666494,0.3379974405267546,0.28700051730364906,0.2612059552409298,0.23338782016460513,0.2501135947328379,0.3361521930079594,0.27264362703655465,0.3298065007400175,0.2374902429193776,0.24531808899454532,0.2407919629629972,0.24859697127515534,0.30673241026638465,0.20439744708849772,0.29952066213363615,0.3072567398014525,0.2418266433384968,0.26232254577823544,0.22611610037922358,0.33479857284081305,0.25191261753818506,0.2940508057436142,0.33105127267181444,0.28121613656779787,0.2991726973952029,0.2590954070237572,0.2611633086432297,0.2637484878247336,0.2982713758825519,0.22679775107577815,0.28306259036741466,0.3066499054219478,0.31240759946454055,0.2830843878518725,0.20902657602332464,0.2637219149751523,0.2923909666711325,0.28020935114395507,0.2950617576933704,0.27902826028312666,0.23214857942412093,0.35646677634912916,0.2769969450157177,0.3086126112791643,0.2695120176856215,0.3446409645417976,0.2778764497145929,0.21618508181614549,0.2613362652500082,0.3058210348337145,0.2608225827102175,0.2669255711056735,0.24359865239658485,0.2811909185008523,0.30400261698807607,0.21967158359997796,0.2667987098463154,0.2597330716004431
0.24173180608620048,0.36547501297491924,0.20176867301760515,0.23443241191606945,0.2627600993505401,0.33392731620925575,0.3579127567825525,0.28161834486752846,0.201452978934354,0.29707130333494014,0.24203410585247698,0.21085626470700425,0.13107509733491562,0.013359465504573231,0.13615675925721882,0.09665367842413863,0.3123190526821147,0.26410540019820083,0.18449152529307677,1.0,0.25085759837857224,0.2842830631084847,0.2304436340553787,0.35668300807601994,0.16482434337793594,0.15357634664416175,0.4238649081206167,0.24719222393627205,0.20247294254536363,0.26079437180370657,0.2711242734562067,0.1353120720605243,0.1307394679918764,0.23267875350551415,0.24502823618503455,0.2567870261971593,0.19187387794020705,0.29915571860399426,0.2684094705480895,0.21783136017950588,0.255015421200272,0.1573312604359487,0.22546689914561469,0.22470928257906708,0.23953101462134008,0.16441995303072654,0.32192804674364583,0.31302308915155697,0.22524611891589674,0.25613194306858467,0.2469630859907428,0.18153112898163826,0.21363094558179874,0.25957721318416793,0.25093262909098246,0.2266732060171388,0.18263825085883,0.2888547676778366,0.27509479352969723,0.317968547274843,0.2460525052407727,0.2671657107084646,0.24541653922170015,0.34203606317728563,0.2618169265511341,0.2695683341395403,0.2758820587824504,0.22446835698889278,0.30990362606785493,0.2965139688513907,0.19672560292317165,0.20464931203909964,0.1839096075142641,0.2199309708552838,0.24682690059279033,0.20052734409673822,0.21106200329556235,0.2752435895997858,0.2450206608353992,0.23368048123248952,0.23091961025453833,0.30181603780850286,0.22473732466962848,0.17218694417197644,0.22569838341175175,0.2450003881883136,0.20724024159387033,0.16050758403932153,0.19601942783934578,0.1797747448537318,0.21335316754624423,0.28347476623145684,0.21128098777965776,0.2398535604472054,0.14146357269872523
0.29702210238919524,0.24020172628149572,0.266448537564286,0.3096160852760579,0.2811331014443853,0.3280314435528222,0.22332987964860207,0.6011998423764897,0.21808291461614338,0.30850724139698404,0.2535325099671184,0.5872941532808335,0.5114143511148723,0.2034861698152447,0.5006474006825713,0.4025710255460936,0.2611152342833537,0.208898740363075,0.19621067373222734,0.25085759837857224,0.9999999999999998,0.4124829525005461,0.3308526155288978,0.29624454326173844,0.3243201951691199,0.18252556158056743,0.32407451532767506,0.2695181519558483,0.34682812368870386,0.3593386897518932,0.5643642807380583,0.2514638819018483,0.4819457945657355,0.44660792932242266,0.48618211002038825,0.5312982005837584,0.33065373636615414,0.3129870909219784,0.2787444561350163,0.5320362787040167,0.508271740215165,0.3338318221502381,0.4818946950395713,0.5383236740533492,0.36305380442615864,0.37900577790872125,0.4551970529295576,0.5611042571197377,0.4719438584739075,0.19964979969646002,0.5222830004403938,0.4200222744540334,0.46113133570709686,0.507376480452898,0.425282033934654,0.5138287533218328,0.38932717498960323,0.2588978763854446,0.4735402175848955,0.4029127875991241,0.5082567609593828,0.48030443472583473,0.48949015311796606,0.3371388670129525,0.515749725503927,0.46957717250897746,0.3783025997205596,0.16970960284065906,0.2900565849220086,0.2689137295866686,0.47983446951415165,0.4938180414542962,0.21972782263228385,0.45935785618012503,0.5091102392376069,0.24549807462658224,0.4456725894647813,0.5211253711073459,0.24391754911757124,0.3066445198061878,0.4422517801452084,0.28597668267598864,0.4371694627099012,0.4904995137516146,0.5122815308934833,0.33557350597241364,0.41487725737059167,0.47186926756479997,0.5181843063090866,0.311546833824913,0.4754274046898578,0.34094897356107445,0.5265923912113613,0.374955824050614,0.4775525629320825
